0.0,559.0,0.0,559.0
0.0,559.0,0.0,559.0
0.0,559.0,0.0,559.0
0.0,559.0,0.0,559.0
0.0,559.0,0.0,559.0
2.0,559.0,0.0,559.0
3.0,559.0,2.0,559.0
6.0,558.0,3.0,559.0
9.0,557.0,6.0,558.0
12.0,557.0,9.0,557.0
20.0,556.0,12.0,557.0
26.0,556.0,20.0,556.0
31.0,556.0,26.0,556.0
36.0,556.0,31.0,556.0
40.0,556.0,36.0,556.0
42.0,556.0,40.0,556.0
43.0,556.0,42.0,556.0
45.0,556.0,43.0,556.0
48.0,556.0,45.0,556.0
51.0,556.0,48.0,556.0
55.0,556.0,51.0,556.0
60.0,555.0,55.0,556.0
66.0,554.0,60.0,555.0
69.0,553.0,66.0,554.0
73.0,551.0,69.0,553.0
76.0,550.0,73.0,551.0
80.0,548.0,76.0,550.0
84.0,546.0,80.0,548.0
87.0,544.0,84.0,546.0
92.0,541.0,87.0,544.0
97.0,539.0,92.0,541.0
102.0,536.0,97.0,539.0
108.0,532.0,102.0,536.0
114.0,526.0,108.0,532.0
119.0,521.0,114.0,526.0
123.0,515.0,119.0,521.0
128.0,511.0,123.0,515.0
131.0,506.0,128.0,511.0
134.0,500.0,131.0,506.0
137.0,496.0,134.0,500.0
138.0,491.0,137.0,496.0
139.0,487.0,138.0,491.0
141.0,482.0,139.0,487.0
141.0,479.0,141.0,482.0
141.0,475.0,141.0,479.0
141.0,472.0,141.0,475.0
141.0,467.0,141.0,472.0
141.0,464.0,141.0,467.0
141.0,460.0,141.0,464.0
140.0,456.0,141.0,460.0
140.0,452.0,140.0,456.0
139.0,447.0,140.0,452.0
139.0,443.0,139.0,447.0
139.0,440.0,139.0,443.0
139.0,436.0,139.0,440.0
139.0,432.0,139.0,436.0
139.0,429.0,139.0,432.0
139.0,425.0,139.0,429.0
140.0,420.0,139.0,425.0
141.0,416.0,140.0,420.0
141.0,411.0,141.0,416.0
143.0,406.0,141.0,411.0
144.0,401.0,143.0,406.0
145.0,395.0,144.0,401.0
147.0,389.0,145.0,395.0
148.0,383.0,147.0,389.0
150.0,377.0,148.0,383.0
150.0,375.0,150.0,377.0
153.0,368.0,150.0,375.0
154.0,365.0,153.0,368.0
157.0,359.0,154.0,365.0
159.0,356.0,157.0,359.0
162.0,353.0,159.0,356.0
164.0,350.0,162.0,353.0
165.0,347.0,164.0,350.0
168.0,343.0,165.0,347.0
170.0,340.0,168.0,343.0
172.0,335.0,170.0,340.0
175.0,331.0,172.0,335.0
177.0,327.0,175.0,331.0
180.0,324.0,177.0,327.0
181.0,321.0,180.0,324.0
185.0,317.0,181.0,321.0
187.0,314.0,185.0,317.0
189.0,311.0,187.0,314.0
192.0,308.0,189.0,311.0
194.0,305.0,192.0,308.0
197.0,302.0,194.0,305.0
199.0,299.0,197.0,302.0
203.0,296.0,199.0,299.0
207.0,292.0,203.0,296.0
212.0,288.0,207.0,292.0
216.0,285.0,212.0,288.0
220.0,281.0,216.0,285.0
225.0,277.0,220.0,281.0
230.0,274.0,225.0,277.0
236.0,271.0,230.0,274.0
242.0,268.0,236.0,271.0
248.0,265.0,242.0,268.0
253.0,263.0,248.0,265.0
258.0,262.0,253.0,263.0
263.0,261.0,258.0,262.0
268.0,260.0,263.0,261.0
273.0,260.0,268.0,260.0
281.0,260.0,273.0,260.0
286.0,260.0,281.0,260.0
291.0,260.0,286.0,260.0
297.0,260.0,291.0,260.0
303.0,260.0,297.0,260.0
310.0,261.0,303.0,260.0
317.0,263.0,310.0,261.0
323.0,264.0,317.0,263.0
327.0,266.0,323.0,264.0
331.0,268.0,327.0,266.0
334.0,269.0,331.0,268.0
336.0,271.0,334.0,269.0
339.0,272.0,336.0,271.0
344.0,276.0,339.0,272.0
348.0,279.0,344.0,276.0
353.0,282.0,348.0,279.0
357.0,284.0,353.0,282.0
363.0,287.0,357.0,284.0
368.0,290.0,363.0,287.0
373.0,293.0,368.0,290.0
379.0,296.0,373.0,293.0
384.0,299.0,379.0,296.0
389.0,302.0,384.0,299.0
393.0,304.0,389.0,302.0
398.0,308.0,393.0,304.0
402.0,311.0,398.0,308.0
407.0,314.0,402.0,311.0
411.0,317.0,407.0,314.0
416.0,322.0,411.0,317.0
420.0,326.0,416.0,322.0
425.0,331.0,420.0,326.0
429.0,335.0,425.0,331.0
434.0,339.0,429.0,335.0
438.0,344.0,434.0,339.0
442.0,348.0,438.0,344.0
447.0,352.0,442.0,348.0
450.0,356.0,447.0,352.0
454.0,363.0,450.0,356.0
457.0,367.0,454.0,363.0
460.0,371.0,457.0,367.0
463.0,374.0,460.0,371.0
465.0,379.0,463.0,374.0
468.0,384.0,465.0,379.0
473.0,389.0,468.0,384.0
477.0,396.0,473.0,389.0
482.0,403.0,477.0,396.0
486.0,410.0,482.0,403.0
489.0,416.0,486.0,410.0
492.0,422.0,489.0,416.0
496.0,428.0,492.0,422.0
500.0,436.0,496.0,428.0
502.0,442.0,500.0,436.0
504.0,449.0,502.0,442.0
507.0,457.0,504.0,449.0
510.0,464.0,507.0,457.0
513.0,471.0,510.0,464.0
516.0,477.0,513.0,471.0
519.0,482.0,516.0,477.0
522.0,487.0,519.0,482.0
525.0,491.0,522.0,487.0
528.0,495.0,525.0,491.0
534.0,503.0,528.0,495.0
540.0,509.0,534.0,503.0
545.0,515.0,540.0,509.0
551.0,520.0,545.0,515.0
555.0,526.0,551.0,520.0
561.0,531.0,555.0,526.0
567.0,537.0,561.0,531.0
573.0,543.0,567.0,537.0
580.0,549.0,573.0,543.0
586.0,554.0,580.0,549.0
595.0,561.0,586.0,554.0
601.0,566.0,595.0,561.0
606.0,570.0,601.0,566.0
612.0,575.0,606.0,570.0
618.0,578.0,612.0,575.0
624.0,581.0,618.0,578.0
630.0,586.0,624.0,581.0
635.0,590.0,630.0,586.0
640.0,594.0,635.0,590.0
646.0,598.0,640.0,594.0
653.0,602.0,646.0,598.0
661.0,607.0,653.0,602.0
670.0,611.0,661.0,607.0
678.0,614.0,670.0,611.0
687.0,618.0,678.0,614.0
699.0,622.0,687.0,618.0
706.0,625.0,699.0,622.0
714.0,628.0,706.0,625.0
720.0,630.0,714.0,628.0
727.0,632.0,720.0,630.0
734.0,635.0,727.0,632.0
741.0,637.0,734.0,635.0
748.0,638.0,741.0,637.0
755.0,640.0,748.0,638.0
762.0,641.0,755.0,640.0
770.0,641.0,762.0,641.0
777.0,641.0,770.0,641.0
781.0,641.0,777.0,641.0
786.0,639.0,781.0,641.0
789.0,638.0,786.0,639.0
792.0,636.0,789.0,638.0
796.0,634.0,792.0,636.0
799.0,631.0,796.0,634.0
804.0,628.0,799.0,631.0
807.0,625.0,804.0,628.0
811.0,622.0,807.0,625.0
816.0,619.0,811.0,622.0
820.0,615.0,816.0,619.0
825.0,611.0,820.0,615.0
834.0,604.0,825.0,611.0
840.0,599.0,834.0,604.0
845.0,594.0,840.0,599.0
849.0,589.0,845.0,594.0
854.0,584.0,849.0,589.0
858.0,579.0,854.0,584.0
860.0,575.0,858.0,579.0
861.0,572.0,860.0,575.0
861.0,570.0,861.0,572.0
861.0,569.0,861.0,570.0
861.0,566.0,861.0,569.0
861.0,564.0,861.0,566.0
859.0,559.0,861.0,564.0
858.0,556.0,859.0,559.0
856.0,552.0,858.0,556.0
855.0,548.0,856.0,552.0
852.0,545.0,855.0,548.0
849.0,541.0,852.0,545.0
846.0,537.0,849.0,541.0
840.0,533.0,846.0,537.0
834.0,530.0,840.0,533.0
828.0,527.0,834.0,530.0
824.0,524.0,828.0,527.0
820.0,522.0,824.0,524.0
816.0,518.0,820.0,522.0
813.0,516.0,816.0,518.0
812.0,514.0,813.0,516.0
810.0,511.0,812.0,514.0
808.0,507.0,810.0,511.0
807.0,503.0,808.0,507.0
807.0,499.0,807.0,503.0
807.0,494.0,807.0,499.0
807.0,489.0,807.0,494.0
807.0,483.0,807.0,489.0
808.0,474.0,807.0,483.0
809.0,468.0,808.0,474.0
810.0,462.0,809.0,468.0
813.0,455.0,810.0,462.0
816.0,449.0,813.0,455.0
819.0,443.0,816.0,449.0
822.0,439.0,819.0,443.0
826.0,434.0,822.0,439.0
830.0,431.0,826.0,434.0
836.0,426.0,830.0,431.0
843.0,422.0,836.0,426.0
850.0,419.0,843.0,422.0
857.0,416.0,850.0,419.0
863.0,413.0,857.0,416.0
870.0,410.0,863.0,413.0
875.0,410.0,870.0,410.0
879.0,409.0,875.0,410.0
884.0,409.0,879.0,409.0
890.0,409.0,884.0,409.0
896.0,409.0,890.0,409.0
902.0,409.0,896.0,409.0
910.0,409.0,902.0,409.0
919.0,409.0,910.0,409.0
928.0,409.0,919.0,409.0
936.0,409.0,928.0,409.0
944.0,407.0,936.0,409.0
951.0,407.0,944.0,407.0
962.0,404.0,951.0,407.0
970.0,401.0,962.0,404.0
980.0,398.0,970.0,401.0
990.0,395.0,980.0,398.0
999.0,392.0,990.0,395.0
1009.0,389.0,999.0,392.0
1019.0,383.0,1009.0,389.0
1027.0,379.0,1019.0,383.0
1035.0,374.0,1027.0,379.0
1043.0,368.0,1035.0,374.0
1050.0,364.0,1043.0,368.0
1058.0,356.0,1050.0,364.0
1062.0,351.0,1058.0,356.0
1065.0,347.0,1062.0,351.0
1067.0,343.0,1065.0,347.0
1069.0,339.0,1067.0,343.0
1071.0,336.0,1069.0,339.0
1071.0,332.0,1071.0,336.0
1072.0,328.0,1071.0,332.0
1073.0,323.0,1072.0,328.0
1074.0,318.0,1073.0,323.0
1074.0,312.0,1074.0,318.0
1075.0,305.0,1074.0,312.0
1077.0,293.0,1075.0,305.0
1078.0,284.0,1077.0,293.0
1080.0,275.0,1078.0,284.0
1080.0,266.0,1080.0,275.0
1080.0,257.0,1080.0,266.0
1081.0,248.0,1080.0,257.0
1081.0,239.0,1081.0,248.0
1081.0,230.0,1081.0,239.0
1081.0,221.0,1081.0,230.0
1081.0,213.0,1081.0,221.0
1080.0,207.0,1081.0,213.0
1077.0,201.0,1080.0,207.0
1072.0,193.0,1077.0,201.0
1069.0,188.0,1072.0,193.0
1066.0,184.0,1069.0,188.0
1063.0,179.0,1066.0,184.0
1059.0,175.0,1063.0,179.0
1053.0,172.0,1059.0,175.0
1047.0,167.0,1053.0,172.0
1041.0,164.0,1047.0,167.0
1035.0,161.0,1041.0,164.0
1028.0,156.0,1035.0,161.0
1022.0,153.0,1028.0,156.0
1013.0,149.0,1022.0,153.0
1008.0,146.0,1013.0,149.0
1000.0,144.0,1008.0,146.0
993.0,143.0,1000.0,144.0
984.0,142.0,993.0,143.0
974.0,142.0,984.0,142.0
965.0,143.0,974.0,142.0
956.0,145.0,965.0,143.0
948.0,146.0,956.0,145.0
939.0,148.0,948.0,146.0
930.0,150.0,939.0,148.0
922.0,152.0,930.0,150.0
915.0,155.0,922.0,152.0
904.0,159.0,915.0,155.0
897.0,162.0,904.0,159.0
889.0,165.0,897.0,162.0
881.0,169.0,889.0,165.0
875.0,173.0,881.0,169.0
869.0,176.0,875.0,173.0
864.0,180.0,869.0,176.0
858.0,184.0,864.0,180.0
854.0,188.0,858.0,184.0
849.0,192.0,854.0,188.0
843.0,197.0,849.0,192.0
834.0,203.0,843.0,197.0
828.0,209.0,834.0,203.0
821.0,214.0,828.0,209.0
815.0,219.0,821.0,214.0
809.0,224.0,815.0,219.0
803.0,228.0,809.0,224.0
797.0,233.0,803.0,228.0
792.0,237.0,797.0,233.0
784.0,242.0,792.0,237.0
777.0,247.0,784.0,242.0
768.0,252.0,777.0,247.0
759.0,258.0,768.0,252.0
744.0,267.0,759.0,258.0
735.0,272.0,744.0,267.0
726.0,276.0,735.0,272.0
719.0,280.0,726.0,276.0
712.0,283.0,719.0,280.0
705.0,287.0,712.0,283.0
699.0,290.0,705.0,287.0
693.0,294.0,699.0,290.0
687.0,297.0,693.0,294.0
680.0,301.0,687.0,297.0
674.0,305.0,680.0,301.0
666.0,308.0,674.0,305.0
658.0,311.0,666.0,308.0
645.0,316.0,658.0,311.0
638.0,319.0,645.0,316.0
630.0,322.0,638.0,319.0
624.0,325.0,630.0,322.0
618.0,326.0,624.0,325.0
612.0,328.0,618.0,326.0
606.0,329.0,612.0,328.0
602.0,329.0,606.0,329.0
597.0,330.0,602.0,329.0
593.0,331.0,597.0,330.0
585.0,332.0,593.0,331.0
582.0,333.0,585.0,332.0
572.0,335.0,582.0,333.0
563.0,337.0,572.0,335.0
551.0,338.0,563.0,337.0
546.0,338.0,551.0,338.0
539.0,338.0,546.0,338.0
532.0,338.0,539.0,338.0
527.0,338.0,532.0,338.0
524.0,338.0,527.0,338.0
522.0,338.0,524.0,338.0
521.0,338.0,522.0,338.0
519.0,338.0,521.0,338.0
519.0,338.0,519.0,338.0
516.0,338.0,519.0,338.0
514.0,338.0,516.0,338.0
510.0,338.0,514.0,338.0
505.0,338.0,510.0,338.0
500.0,338.0,505.0,338.0
495.0,338.0,500.0,338.0
489.0,338.0,495.0,338.0
484.0,338.0,489.0,338.0
480.0,338.0,484.0,338.0
476.0,338.0,480.0,338.0
473.0,338.0,476.0,338.0
471.0,338.0,473.0,338.0
470.0,338.0,471.0,338.0
468.0,338.0,470.0,338.0
466.0,338.0,468.0,338.0
465.0,338.0,466.0,338.0
462.0,338.0,465.0,338.0
459.0,338.0,462.0,338.0
456.0,337.0,459.0,338.0
454.0,337.0,456.0,337.0
453.0,337.0,454.0,337.0
452.0,336.0,453.0,337.0
452.0,336.0,452.0,336.0
451.0,336.0,452.0,336.0
450.0,336.0,451.0,336.0
448.0,336.0,450.0,336.0
447.0,335.0,448.0,336.0
445.0,335.0,447.0,335.0
445.0,335.0,445.0,335.0
445.0,335.0,445.0,335.0
445.0,335.0,445.0,335.0
445.0,335.0,445.0,335.0
444.0,335.0,445.0,335.0
444.0,335.0,444.0,335.0
444.0,335.0,444.0,335.0
442.0,335.0,444.0,335.0
441.0,335.0,442.0,335.0
440.0,335.0,441.0,335.0
439.0,335.0,440.0,335.0
439.0,335.0,439.0,335.0
439.0,335.0,439.0,335.0
439.0,335.0,439.0,335.0
439.0,335.0,439.0,335.0
439.0,335.0,439.0,335.0
439.0,335.0,439.0,335.0
438.0,335.0,439.0,335.0
438.0,335.0,438.0,335.0
438.0,335.0,438.0,335.0
438.0,335.0,438.0,335.0
438.0,334.0,438.0,335.0
437.0,334.0,438.0,334.0
437.0,334.0,437.0,334.0
437.0,334.0,437.0,334.0
437.0,334.0,437.0,334.0
437.0,334.0,437.0,334.0
437.0,334.0,437.0,334.0
437.0,334.0,437.0,334.0
437.0,334.0,437.0,334.0
437.0,334.0,437.0,334.0
437.0,334.0,437.0,334.0
437.0,334.0,437.0,334.0
436.0,334.0,437.0,334.0
435.0,334.0,436.0,334.0
435.0,334.0,435.0,334.0
435.0,334.0,435.0,334.0
435.0,333.0,435.0,334.0
435.0,333.0,435.0,333.0
435.0,333.0,435.0,333.0
435.0,333.0,435.0,333.0
434.0,333.0,435.0,333.0
434.0,333.0,434.0,333.0
434.0,333.0,434.0,333.0
434.0,333.0,434.0,333.0
434.0,333.0,434.0,333.0
433.0,333.0,434.0,333.0
433.0,333.0,433.0,333.0
432.0,333.0,433.0,333.0
432.0,333.0,432.0,333.0
432.0,333.0,432.0,333.0
432.0,333.0,432.0,333.0
432.0,333.0,432.0,333.0
432.0,333.0,432.0,333.0
431.0,333.0,432.0,333.0
431.0,333.0,431.0,333.0
431.0,333.0,431.0,333.0
430.0,333.0,431.0,333.0
430.0,333.0,430.0,333.0
430.0,332.0,430.0,333.0
430.0,332.0,430.0,332.0
429.0,332.0,430.0,332.0
429.0,332.0,429.0,332.0
429.0,332.0,429.0,332.0
429.0,332.0,429.0,332.0
429.0,332.0,429.0,332.0
429.0,332.0,429.0,332.0
428.0,332.0,429.0,332.0
427.0,332.0,428.0,332.0
426.0,332.0,427.0,332.0
426.0,332.0,426.0,332.0
426.0,331.0,426.0,332.0
426.0,331.0,426.0,331.0
426.0,331.0,426.0,331.0
426.0,331.0,426.0,331.0
426.0,331.0,426.0,331.0
426.0,331.0,426.0,331.0
426.0,330.0,426.0,331.0
426.0,330.0,426.0,330.0
426.0,330.0,426.0,330.0
426.0,330.0,426.0,330.0
426.0,330.0,426.0,330.0
426.0,330.0,426.0,330.0
426.0,330.0,426.0,330.0
426.0,330.0,426.0,330.0
426.0,330.0,426.0,330.0
426.0,330.0,426.0,330.0
426.0,330.0,426.0,330.0
426.0,330.0,426.0,330.0
426.0,330.0,426.0,330.0
426.0,329.0,426.0,330.0
426.0,329.0,426.0,329.0
425.0,329.0,426.0,329.0
424.0,328.0,425.0,329.0
424.0,328.0,424.0,328.0
424.0,328.0,424.0,328.0
424.0,328.0,424.0,328.0
424.0,328.0,424.0,328.0
424.0,328.0,424.0,328.0
424.0,328.0,424.0,328.0
424.0,328.0,424.0,328.0
424.0,328.0,424.0,328.0
424.0,328.0,424.0,328.0
424.0,328.0,424.0,328.0
424.0,328.0,424.0,328.0
424.0,328.0,424.0,328.0
424.0,328.0,424.0,328.0
424.0,328.0,424.0,328.0
424.0,328.0,424.0,328.0
424.0,328.0,424.0,328.0
0.0,701.0,0.0,701.0
0.0,701.0,0.0,701.0
0.0,701.0,0.0,701.0
0.0,701.0,0.0,701.0
0.0,701.0,0.0,701.0
0.0,701.0,0.0,701.0
0.0,701.0,0.0,701.0
0.0,701.0,0.0,701.0
1.0,701.0,0.0,701.0
4.0,701.0,1.0,701.0
9.0,699.0,4.0,701.0
12.0,699.0,9.0,699.0
15.0,699.0,12.0,699.0
17.0,698.0,15.0,699.0
19.0,698.0,17.0,698.0
22.0,697.0,19.0,698.0
25.0,696.0,22.0,697.0
28.0,696.0,25.0,696.0
31.0,696.0,28.0,696.0
33.0,695.0,31.0,696.0
36.0,694.0,33.0,695.0
38.0,693.0,36.0,694.0
40.0,693.0,38.0,693.0
41.0,693.0,40.0,693.0
42.0,692.0,41.0,693.0
43.0,692.0,42.0,692.0
45.0,692.0,43.0,692.0
46.0,691.0,45.0,692.0
49.0,691.0,46.0,691.0
52.0,690.0,49.0,691.0
56.0,690.0,52.0,690.0
59.0,690.0,56.0,690.0
62.0,690.0,59.0,690.0
65.0,690.0,62.0,690.0
67.0,690.0,65.0,690.0
69.0,690.0,67.0,690.0
72.0,690.0,69.0,690.0
74.0,690.0,72.0,690.0
76.0,690.0,74.0,690.0
78.0,690.0,76.0,690.0
81.0,690.0,78.0,690.0
84.0,690.0,81.0,690.0
87.0,690.0,84.0,690.0
90.0,690.0,87.0,690.0
92.0,690.0,90.0,690.0
93.0,690.0,92.0,690.0
98.0,690.0,93.0,690.0
102.0,690.0,98.0,690.0
106.0,690.0,102.0,690.0
111.0,690.0,106.0,690.0
114.0,689.0,111.0,690.0
116.0,688.0,114.0,689.0
117.0,687.0,116.0,688.0
119.0,687.0,117.0,687.0
120.0,685.0,119.0,687.0
122.0,684.0,120.0,685.0
123.0,683.0,122.0,684.0
126.0,681.0,123.0,683.0
129.0,679.0,126.0,681.0
132.0,677.0,129.0,679.0
134.0,675.0,132.0,677.0
137.0,672.0,134.0,675.0
140.0,669.0,137.0,672.0
143.0,666.0,140.0,669.0
146.0,663.0,143.0,666.0
148.0,660.0,146.0,663.0
150.0,657.0,148.0,660.0
153.0,654.0,150.0,657.0
156.0,650.0,153.0,654.0
159.0,647.0,156.0,650.0
162.0,642.0,159.0,647.0
164.0,641.0,162.0,642.0
165.0,639.0,164.0,641.0
167.0,638.0,165.0,639.0
168.0,636.0,167.0,638.0
170.0,636.0,168.0,636.0
171.0,635.0,170.0,636.0
172.0,634.0,171.0,635.0
174.0,633.0,172.0,634.0
175.0,633.0,174.0,633.0
177.0,631.0,175.0,633.0
180.0,630.0,177.0,631.0
181.0,629.0,180.0,630.0
183.0,628.0,181.0,629.0
184.0,627.0,183.0,628.0
186.0,626.0,184.0,627.0
189.0,625.0,186.0,626.0
191.0,624.0,189.0,625.0
192.0,622.0,191.0,624.0
194.0,621.0,192.0,622.0
195.0,619.0,194.0,621.0
198.0,618.0,195.0,619.0
199.0,616.0,198.0,618.0
201.0,614.0,199.0,616.0
204.0,612.0,201.0,614.0
207.0,609.0,204.0,612.0
208.0,608.0,207.0,609.0
210.0,606.0,208.0,608.0
213.0,604.0,210.0,606.0
215.0,602.0,213.0,604.0
217.0,600.0,215.0,602.0
219.0,598.0,217.0,600.0
220.0,597.0,219.0,598.0
222.0,595.0,220.0,597.0
223.0,594.0,222.0,595.0
225.0,592.0,223.0,594.0
226.0,589.0,225.0,592.0
228.0,587.0,226.0,589.0
228.0,585.0,228.0,587.0
228.0,583.0,228.0,585.0
229.0,581.0,228.0,583.0
230.0,579.0,229.0,581.0
230.0,577.0,230.0,579.0
230.0,575.0,230.0,577.0
231.0,573.0,230.0,575.0
231.0,570.0,231.0,573.0
232.0,566.0,231.0,570.0
234.0,559.0,232.0,566.0
234.0,557.0,234.0,559.0
235.0,549.0,234.0,557.0
236.0,544.0,235.0,549.0
237.0,538.0,236.0,544.0
237.0,534.0,237.0,538.0
238.0,528.0,237.0,534.0
239.0,523.0,238.0,528.0
239.0,519.0,239.0,523.0
239.0,514.0,239.0,519.0
239.0,510.0,239.0,514.0
239.0,506.0,239.0,510.0
240.0,503.0,239.0,506.0
240.0,498.0,240.0,503.0
240.0,497.0,240.0,498.0
240.0,492.0,240.0,497.0
240.0,489.0,240.0,492.0
241.0,486.0,240.0,489.0
241.0,483.0,241.0,486.0
242.0,480.0,241.0,483.0
243.0,478.0,242.0,480.0
243.0,475.0,243.0,478.0
244.0,472.0,243.0,475.0
245.0,470.0,244.0,472.0
246.0,465.0,245.0,470.0
248.0,462.0,246.0,465.0
249.0,459.0,248.0,462.0
250.0,456.0,249.0,459.0
252.0,453.0,250.0,456.0
252.0,450.0,252.0,453.0
254.0,447.0,252.0,450.0
255.0,444.0,254.0,447.0
256.0,441.0,255.0,444.0
258.0,438.0,256.0,441.0
259.0,436.0,258.0,438.0
261.0,433.0,259.0,436.0
261.0,430.0,261.0,433.0
262.0,429.0,261.0,430.0
263.0,427.0,262.0,429.0
264.0,427.0,263.0,427.0
264.0,426.0,264.0,427.0
264.0,426.0,264.0,426.0
265.0,426.0,264.0,426.0
266.0,425.0,265.0,426.0
267.0,424.0,266.0,425.0
268.0,423.0,267.0,424.0
270.0,423.0,268.0,423.0
273.0,421.0,270.0,423.0
274.0,420.0,273.0,421.0
276.0,420.0,274.0,420.0
278.0,420.0,276.0,420.0
279.0,420.0,278.0,420.0
279.0,420.0,279.0,420.0
280.0,419.0,279.0,420.0
281.0,418.0,280.0,419.0
282.0,417.0,281.0,418.0
285.0,417.0,282.0,417.0
288.0,416.0,285.0,417.0
292.0,414.0,288.0,416.0
295.0,414.0,292.0,414.0
298.0,413.0,295.0,414.0
301.0,412.0,298.0,413.0
303.0,412.0,301.0,412.0
306.0,412.0,303.0,412.0
309.0,411.0,306.0,412.0
311.0,411.0,309.0,411.0
312.0,411.0,311.0,411.0
315.0,411.0,312.0,411.0
319.0,411.0,315.0,411.0
324.0,412.0,319.0,411.0
330.0,413.0,324.0,412.0
336.0,414.0,330.0,413.0
342.0,416.0,336.0,414.0
349.0,419.0,342.0,416.0
354.0,421.0,349.0,419.0
358.0,423.0,354.0,421.0
362.0,425.0,358.0,423.0
364.0,426.0,362.0,425.0
366.0,428.0,364.0,426.0
367.0,429.0,366.0,428.0
369.0,430.0,367.0,429.0
371.0,432.0,369.0,430.0
373.0,434.0,371.0,432.0
375.0,438.0,373.0,434.0
376.0,439.0,375.0,438.0
378.0,443.0,376.0,439.0
380.0,446.0,378.0,443.0
381.0,449.0,380.0,446.0
382.0,453.0,381.0,449.0
383.0,456.0,382.0,453.0
384.0,459.0,383.0,456.0
384.0,463.0,384.0,459.0
385.0,466.0,384.0,463.0
386.0,469.0,385.0,466.0
386.0,472.0,386.0,469.0
387.0,475.0,386.0,472.0
387.0,480.0,387.0,475.0
388.0,483.0,387.0,480.0
389.0,486.0,388.0,483.0
389.0,489.0,389.0,486.0
390.0,492.0,389.0,489.0
391.0,497.0,390.0,492.0
393.0,500.0,391.0,497.0
394.0,504.0,393.0,500.0
395.0,508.0,394.0,504.0
396.0,512.0,395.0,508.0
398.0,516.0,396.0,512.0
399.0,519.0,398.0,516.0
402.0,526.0,399.0,519.0
405.0,531.0,402.0,526.0
406.0,535.0,405.0,531.0
408.0,540.0,406.0,535.0
411.0,543.0,408.0,540.0
414.0,548.0,411.0,543.0
416.0,552.0,414.0,548.0
418.0,556.0,416.0,552.0
421.0,561.0,418.0,556.0
424.0,565.0,421.0,561.0
427.0,570.0,424.0,565.0
430.0,574.0,427.0,570.0
433.0,579.0,430.0,574.0
438.0,585.0,433.0,579.0
441.0,590.0,438.0,585.0
444.0,595.0,441.0,590.0
448.0,600.0,444.0,595.0
451.0,604.0,448.0,600.0
454.0,609.0,451.0,604.0
458.0,613.0,454.0,609.0
461.0,618.0,458.0,613.0
465.0,623.0,461.0,618.0
470.0,627.0,465.0,623.0
474.0,632.0,470.0,627.0
480.0,638.0,474.0,632.0
483.0,641.0,480.0,638.0
486.0,643.0,483.0,641.0
488.0,645.0,486.0,643.0
490.0,646.0,488.0,645.0
492.0,648.0,490.0,646.0
493.0,649.0,492.0,648.0
495.0,651.0,493.0,649.0
498.0,653.0,495.0,651.0
501.0,655.0,498.0,653.0
504.0,657.0,501.0,655.0
506.0,658.0,504.0,657.0
509.0,660.0,506.0,658.0
513.0,662.0,509.0,660.0
518.0,664.0,513.0,662.0
522.0,666.0,518.0,664.0
528.0,667.0,522.0,666.0
534.0,669.0,528.0,667.0
538.0,670.0,534.0,669.0
543.0,672.0,538.0,670.0
548.0,674.0,543.0,672.0
553.0,676.0,548.0,674.0
558.0,679.0,553.0,676.0
564.0,681.0,558.0,679.0
569.0,684.0,564.0,681.0
576.0,687.0,569.0,684.0
582.0,690.0,576.0,687.0
587.0,693.0,582.0,690.0
592.0,694.0,587.0,693.0
598.0,697.0,592.0,694.0
603.0,699.0,598.0,697.0
607.0,701.0,603.0,699.0
611.0,702.0,607.0,701.0
614.0,704.0,611.0,702.0
617.0,704.0,614.0,704.0
620.0,705.0,617.0,704.0
625.0,705.0,620.0,705.0
628.0,706.0,625.0,705.0
631.0,706.0,628.0,706.0
633.0,706.0,631.0,706.0
635.0,706.0,633.0,706.0
636.0,707.0,635.0,706.0
639.0,707.0,636.0,707.0
641.0,707.0,639.0,707.0
642.0,707.0,641.0,707.0
645.0,707.0,642.0,707.0
646.0,707.0,645.0,707.0
647.0,707.0,646.0,707.0
649.0,707.0,647.0,707.0
654.0,708.0,649.0,707.0
660.0,709.0,654.0,708.0
666.0,710.0,660.0,709.0
670.0,711.0,666.0,710.0
675.0,711.0,670.0,711.0
678.0,712.0,675.0,711.0
680.0,712.0,678.0,712.0
682.0,713.0,680.0,712.0
684.0,713.0,682.0,713.0
685.0,713.0,684.0,713.0
687.0,713.0,685.0,713.0
690.0,713.0,687.0,713.0
695.0,714.0,690.0,713.0
699.0,714.0,695.0,714.0
704.0,715.0,699.0,714.0
707.0,715.0,704.0,715.0
708.0,715.0,707.0,715.0
708.0,715.0,708.0,715.0
708.0,715.0,708.0,715.0
708.0,715.0,708.0,715.0
710.0,715.0,708.0,715.0
711.0,715.0,710.0,715.0
711.0,715.0,711.0,715.0
713.0,715.0,711.0,715.0
716.0,716.0,713.0,715.0
720.0,717.0,716.0,716.0
725.0,718.0,720.0,717.0
729.0,719.0,725.0,718.0
734.0,720.0,729.0,719.0
739.0,722.0,734.0,720.0
745.0,723.0,739.0,722.0
750.0,723.0,745.0,723.0
759.0,725.0,750.0,723.0
760.0,725.0,759.0,725.0
764.0,725.0,760.0,725.0
768.0,725.0,764.0,725.0
771.0,726.0,768.0,725.0
775.0,726.0,771.0,726.0
782.0,726.0,775.0,726.0
786.0,726.0,782.0,726.0
789.0,726.0,786.0,726.0
792.0,726.0,789.0,726.0
792.0,726.0,792.0,726.0
792.0,726.0,792.0,726.0
793.0,726.0,792.0,726.0
794.0,726.0,793.0,726.0
795.0,725.0,794.0,726.0
796.0,725.0,795.0,725.0
798.0,724.0,796.0,725.0
799.0,724.0,798.0,724.0
801.0,724.0,799.0,724.0
803.0,723.0,801.0,724.0
804.0,723.0,803.0,723.0
804.0,723.0,804.0,723.0
804.0,723.0,804.0,723.0
804.0,723.0,804.0,723.0
804.0,723.0,804.0,723.0
805.0,723.0,804.0,723.0
807.0,723.0,805.0,723.0
732.0,719.0,732.0,719.0
732.0,719.0,732.0,719.0
732.0,719.0,732.0,719.0
732.0,719.0,732.0,719.0
732.0,719.0,732.0,719.0
732.0,719.0,732.0,719.0
732.0,719.0,732.0,719.0
732.0,719.0,732.0,719.0
732.0,719.0,732.0,719.0
732.0,719.0,732.0,719.0
732.0,719.0,732.0,719.0
732.0,719.0,732.0,719.0
732.0,719.0,732.0,719.0
734.0,719.0,732.0,719.0
735.0,719.0,734.0,719.0
737.0,718.0,735.0,719.0
738.0,718.0,737.0,718.0
740.0,718.0,738.0,718.0
741.0,718.0,740.0,718.0
744.0,718.0,741.0,718.0
748.0,718.0,744.0,718.0
755.0,718.0,748.0,718.0
759.0,718.0,755.0,718.0
762.0,718.0,759.0,718.0
764.0,718.0,762.0,718.0
764.0,718.0,764.0,718.0
764.0,718.0,764.0,718.0
764.0,718.0,764.0,718.0
764.0,718.0,764.0,718.0
764.0,718.0,764.0,718.0
764.0,718.0,764.0,718.0
764.0,718.0,764.0,718.0
766.0,717.0,764.0,718.0
767.0,717.0,766.0,717.0
768.0,717.0,767.0,717.0
769.0,717.0,768.0,717.0
771.0,717.0,769.0,717.0
772.0,717.0,771.0,717.0
774.0,717.0,772.0,717.0
776.0,717.0,774.0,717.0
777.0,717.0,776.0,717.0
780.0,717.0,777.0,717.0
781.0,717.0,780.0,717.0
783.0,717.0,781.0,717.0
785.0,717.0,783.0,717.0
789.0,717.0,785.0,717.0
793.0,717.0,789.0,717.0
796.0,717.0,793.0,717.0
798.0,717.0,796.0,717.0
800.0,717.0,798.0,717.0
803.0,717.0,800.0,717.0
806.0,717.0,803.0,717.0
809.0,717.0,806.0,717.0
811.0,717.0,809.0,717.0
813.0,718.0,811.0,717.0
816.0,718.0,813.0,718.0
819.0,719.0,816.0,718.0
822.0,719.0,819.0,719.0
824.0,720.0,822.0,719.0
825.0,720.0,824.0,720.0
827.0,720.0,825.0,720.0
828.0,720.0,827.0,720.0
830.0,720.0,828.0,720.0
831.0,720.0,830.0,720.0
833.0,720.0,831.0,720.0
834.0,720.0,833.0,720.0
836.0,720.0,834.0,720.0
837.0,720.0,836.0,720.0
839.0,720.0,837.0,720.0
842.0,720.0,839.0,720.0
845.0,720.0,842.0,720.0
848.0,720.0,845.0,720.0
850.0,720.0,848.0,720.0
852.0,720.0,850.0,720.0
853.0,720.0,852.0,720.0
855.0,720.0,853.0,720.0
856.0,720.0,855.0,720.0
858.0,719.0,856.0,720.0
858.0,719.0,858.0,719.0
860.0,719.0,858.0,719.0
861.0,719.0,860.0,719.0
863.0,719.0,861.0,719.0
866.0,718.0,863.0,719.0
869.0,718.0,866.0,718.0
872.0,718.0,869.0,718.0
874.0,718.0,872.0,718.0
877.0,718.0,874.0,718.0
879.0,718.0,877.0,718.0
882.0,718.0,879.0,718.0
885.0,718.0,882.0,718.0
888.0,718.0,885.0,718.0
889.0,718.0,888.0,718.0
889.0,718.0,889.0,718.0
889.0,718.0,889.0,718.0
889.0,718.0,889.0,718.0
889.0,718.0,889.0,718.0
889.0,718.0,889.0,718.0
889.0,718.0,889.0,718.0
889.0,718.0,889.0,718.0
889.0,718.0,889.0,718.0
889.0,718.0,889.0,718.0
889.0,718.0,889.0,718.0
889.0,718.0,889.0,718.0
889.0,718.0,889.0,718.0
819.0,718.0,819.0,718.0
819.0,718.0,819.0,718.0
819.0,718.0,819.0,718.0
819.0,718.0,819.0,718.0
819.0,718.0,819.0,718.0
819.0,718.0,819.0,718.0
819.0,718.0,819.0,718.0
819.0,718.0,819.0,718.0
819.0,718.0,819.0,718.0
820.0,717.0,819.0,718.0
822.0,717.0,820.0,717.0
823.0,717.0,822.0,717.0
824.0,716.0,823.0,717.0
825.0,716.0,824.0,716.0
825.0,716.0,825.0,716.0
825.0,716.0,825.0,716.0
825.0,716.0,825.0,716.0
825.0,716.0,825.0,716.0
825.0,716.0,825.0,716.0
825.0,716.0,825.0,716.0
825.0,716.0,825.0,716.0
825.0,716.0,825.0,716.0
827.0,716.0,825.0,716.0
828.0,716.0,827.0,716.0
831.0,716.0,828.0,716.0
831.0,716.0,831.0,716.0
834.0,716.0,831.0,716.0
834.0,716.0,834.0,716.0
834.0,716.0,834.0,716.0
834.0,716.0,834.0,716.0
834.0,716.0,834.0,716.0
836.0,716.0,834.0,716.0
837.0,716.0,836.0,716.0
839.0,716.0,837.0,716.0
840.0,716.0,839.0,716.0
840.0,716.0,840.0,716.0
840.0,716.0,840.0,716.0
840.0,716.0,840.0,716.0
840.0,716.0,840.0,716.0
840.0,716.0,840.0,716.0
840.0,716.0,840.0,716.0
841.0,716.0,840.0,716.0
843.0,716.0,841.0,716.0
844.0,717.0,843.0,716.0
846.0,717.0,844.0,717.0
848.0,717.0,846.0,717.0
849.0,717.0,848.0,717.0
849.0,717.0,849.0,717.0
849.0,717.0,849.0,717.0
849.0,717.0,849.0,717.0
851.0,717.0,849.0,717.0
853.0,718.0,851.0,717.0
856.0,719.0,853.0,718.0
858.0,719.0,856.0,719.0
859.0,719.0,858.0,719.0
859.0,719.0,859.0,719.0
859.0,719.0,859.0,719.0
859.0,719.0,859.0,719.0
859.0,719.0,859.0,719.0
859.0,719.0,859.0,719.0
859.0,719.0,859.0,719.0
859.0,719.0,859.0,719.0
859.0,719.0,859.0,719.0
859.0,719.0,859.0,719.0
861.0,720.0,859.0,719.0
861.0,720.0,861.0,720.0
861.0,720.0,861.0,720.0
861.0,720.0,861.0,720.0
861.0,720.0,861.0,720.0
861.0,720.0,861.0,720.0
861.0,720.0,861.0,720.0
861.0,720.0,861.0,720.0
861.0,720.0,861.0,720.0
862.0,720.0,861.0,720.0
863.0,720.0,862.0,720.0
864.0,720.0,863.0,720.0
864.0,720.0,864.0,720.0
864.0,720.0,864.0,720.0
864.0,720.0,864.0,720.0
864.0,720.0,864.0,720.0
864.0,720.0,864.0,720.0
864.0,720.0,864.0,720.0
888.0,717.0,888.0,717.0
888.0,717.0,888.0,717.0
888.0,717.0,888.0,717.0
888.0,717.0,888.0,717.0
888.0,717.0,888.0,717.0
888.0,717.0,888.0,717.0
888.0,717.0,888.0,717.0
888.0,717.0,888.0,717.0
888.0,717.0,888.0,717.0
889.0,717.0,888.0,717.0
891.0,717.0,889.0,717.0
891.0,717.0,891.0,717.0
891.0,717.0,891.0,717.0
891.0,717.0,891.0,717.0
891.0,717.0,891.0,717.0
891.0,717.0,891.0,717.0
891.0,717.0,891.0,717.0
891.0,717.0,891.0,717.0
893.0,717.0,891.0,717.0
894.0,717.0,893.0,717.0
894.0,717.0,894.0,717.0
894.0,717.0,894.0,717.0
895.0,717.0,894.0,717.0
897.0,717.0,895.0,717.0
897.0,717.0,897.0,717.0
898.0,717.0,897.0,717.0
899.0,717.0,898.0,717.0
900.0,717.0,899.0,717.0
902.0,717.0,900.0,717.0
905.0,717.0,902.0,717.0
909.0,717.0,905.0,717.0
910.0,717.0,909.0,717.0
911.0,717.0,910.0,717.0
912.0,717.0,911.0,717.0
913.0,717.0,912.0,717.0
915.0,717.0,913.0,717.0
916.0,717.0,915.0,717.0
918.0,717.0,916.0,717.0
919.0,717.0,918.0,717.0
921.0,717.0,919.0,717.0
922.0,717.0,921.0,717.0
925.0,717.0,922.0,717.0
928.0,717.0,925.0,717.0
931.0,717.0,928.0,717.0
935.0,717.0,931.0,717.0
939.0,717.0,935.0,717.0
942.0,717.0,939.0,717.0
945.0,717.0,942.0,717.0
947.0,717.0,945.0,717.0
948.0,717.0,947.0,717.0
948.0,717.0,948.0,717.0
949.0,717.0,948.0,717.0
951.0,717.0,949.0,717.0
954.0,717.0,951.0,717.0
957.0,717.0,954.0,717.0
960.0,717.0,957.0,717.0
963.0,717.0,960.0,717.0
968.0,717.0,963.0,717.0
972.0,717.0,968.0,717.0
978.0,717.0,972.0,717.0
985.0,717.0,978.0,717.0
991.0,717.0,985.0,717.0
996.0,717.0,991.0,717.0
997.0,717.0,996.0,717.0
997.0,717.0,997.0,717.0
997.0,717.0,997.0,717.0
997.0,717.0,997.0,717.0
997.0,717.0,997.0,717.0
999.0,717.0,997.0,717.0
1000.0,717.0,999.0,717.0
1002.0,717.0,1000.0,717.0
1006.0,716.0,1002.0,717.0
1009.0,716.0,1006.0,716.0
1011.0,715.0,1009.0,716.0
1014.0,715.0,1011.0,715.0
1015.0,715.0,1014.0,715.0
1018.0,715.0,1015.0,715.0
1024.0,715.0,1018.0,715.0
1032.0,714.0,1024.0,715.0
1041.0,714.0,1032.0,714.0
1050.0,714.0,1041.0,714.0
1057.0,713.0,1050.0,714.0
1063.0,712.0,1057.0,713.0
1071.0,711.0,1063.0,712.0
1074.0,711.0,1071.0,711.0
1076.0,710.0,1074.0,711.0
1077.0,710.0,1076.0,710.0
1077.0,710.0,1077.0,710.0
1077.0,709.0,1077.0,710.0
1079.0,709.0,1077.0,709.0
1080.0,708.0,1079.0,709.0
1082.0,708.0,1080.0,708.0
1083.0,706.0,1082.0,708.0
1087.0,705.0,1083.0,706.0
1087.0,705.0,1087.0,705.0
1095.0,702.0,1087.0,705.0
1100.0,702.0,1095.0,702.0
1106.0,700.0,1100.0,702.0
1113.0,699.0,1106.0,700.0
1119.0,697.0,1113.0,699.0
1124.0,695.0,1119.0,697.0
1128.0,693.0,1124.0,695.0
1131.0,692.0,1128.0,693.0
1136.0,690.0,1131.0,692.0
1139.0,689.0,1136.0,690.0
1143.0,688.0,1139.0,689.0
1145.0,687.0,1143.0,688.0
1147.0,687.0,1145.0,687.0
1149.0,686.0,1147.0,687.0
1152.0,686.0,1149.0,686.0
1154.0,685.0,1152.0,686.0
1156.0,684.0,1154.0,685.0
1159.0,682.0,1156.0,684.0
1162.0,681.0,1159.0,682.0
1166.0,679.0,1162.0,681.0
1170.0,678.0,1166.0,679.0
1173.0,675.0,1170.0,678.0
1176.0,673.0,1173.0,675.0
1180.0,669.0,1176.0,673.0
1185.0,665.0,1180.0,669.0
1188.0,660.0,1185.0,665.0
1191.0,657.0,1188.0,660.0
1194.0,654.0,1191.0,657.0
1195.0,650.0,1194.0,654.0
1197.0,647.0,1195.0,650.0
1199.0,643.0,1197.0,647.0
1200.0,640.0,1199.0,643.0
1202.0,637.0,1200.0,640.0
1203.0,635.0,1202.0,637.0
1203.0,632.0,1203.0,635.0
1204.0,629.0,1203.0,632.0
1205.0,625.0,1204.0,629.0
1206.0,623.0,1205.0,625.0
1206.0,621.0,1206.0,623.0
1207.0,618.0,1206.0,621.0
1207.0,617.0,1207.0,618.0
1208.0,615.0,1207.0,617.0
1209.0,613.0,1208.0,615.0
1209.0,612.0,1209.0,613.0
1209.0,612.0,1209.0,612.0
1209.0,611.0,1209.0,612.0
1209.0,611.0,1209.0,611.0
1209.0,610.0,1209.0,611.0
1209.0,610.0,1209.0,610.0
1209.0,609.0,1209.0,610.0
1210.0,609.0,1209.0,609.0
1210.0,608.0,1210.0,609.0
1211.0,607.0,1210.0,608.0
1211.0,606.0,1211.0,607.0
1212.0,603.0,1211.0,606.0
1213.0,600.0,1212.0,603.0
1214.0,598.0,1213.0,600.0
1215.0,596.0,1214.0,598.0
1216.0,593.0,1215.0,596.0
1217.0,589.0,1216.0,593.0
1218.0,588.0,1217.0,589.0
1218.0,585.0,1218.0,588.0
1218.0,583.0,1218.0,585.0
1218.0,581.0,1218.0,583.0
1219.0,579.0,1218.0,581.0
1219.0,578.0,1219.0,579.0
1219.0,577.0,1219.0,578.0
1219.0,576.0,1219.0,577.0
1220.0,575.0,1219.0,576.0
1220.0,573.0,1220.0,575.0
1221.0,572.0,1220.0,573.0
1221.0,570.0,1221.0,572.0
1221.0,567.0,1221.0,570.0
1221.0,566.0,1221.0,567.0
1221.0,564.0,1221.0,566.0
1221.0,561.0,1221.0,564.0
1221.0,558.0,1221.0,561.0
1222.0,555.0,1221.0,558.0
1222.0,552.0,1222.0,555.0
1222.0,551.0,1222.0,552.0
1222.0,548.0,1222.0,551.0
1222.0,546.0,1222.0,548.0
1222.0,543.0,1222.0,546.0
1222.0,540.0,1222.0,543.0
1222.0,537.0,1222.0,540.0
1222.0,535.0,1222.0,537.0
1221.0,532.0,1222.0,535.0
1221.0,530.0,1221.0,532.0
1221.0,527.0,1221.0,530.0
1220.0,525.0,1221.0,527.0
1219.0,522.0,1220.0,525.0
1218.0,519.0,1219.0,522.0
1218.0,516.0,1218.0,519.0
1216.0,512.0,1218.0,516.0
1215.0,509.0,1216.0,512.0
1215.0,505.0,1215.0,509.0
1213.0,501.0,1215.0,505.0
1212.0,496.0,1213.0,501.0
1211.0,493.0,1212.0,496.0
1210.0,489.0,1211.0,493.0
1209.0,486.0,1210.0,489.0
1208.0,483.0,1209.0,486.0
1207.0,481.0,1208.0,483.0
1206.0,478.0,1207.0,481.0
1206.0,476.0,1206.0,478.0
1206.0,473.0,1206.0,476.0
1205.0,471.0,1206.0,473.0
1204.0,468.0,1205.0,471.0
1203.0,467.0,1204.0,468.0
1203.0,463.0,1203.0,467.0
1203.0,462.0,1203.0,463.0
1202.0,460.0,1203.0,462.0
1202.0,459.0,1202.0,460.0
1201.0,457.0,1202.0,459.0
1201.0,456.0,1201.0,457.0
1200.0,454.0,1201.0,456.0
1200.0,453.0,1200.0,454.0
1200.0,452.0,1200.0,453.0
1200.0,451.0,1200.0,452.0
1199.0,451.0,1200.0,451.0
1199.0,450.0,1199.0,451.0
1198.0,450.0,1199.0,450.0
1198.0,449.0,1198.0,450.0
1197.0,448.0,1198.0,449.0
1197.0,447.0,1197.0,448.0
1196.0,446.0,1197.0,447.0
1194.0,444.0,1196.0,446.0
1193.0,443.0,1194.0,444.0
1192.0,441.0,1193.0,443.0
1191.0,438.0,1192.0,441.0
1191.0,435.0,1191.0,438.0
1189.0,432.0,1191.0,435.0
1188.0,429.0,1189.0,432.0
1187.0,426.0,1188.0,429.0
1185.0,424.0,1187.0,426.0
1185.0,423.0,1185.0,424.0
1185.0,421.0,1185.0,423.0
1185.0,420.0,1185.0,421.0
1184.0,418.0,1185.0,420.0
1183.0,417.0,1184.0,418.0
1182.0,415.0,1183.0,417.0
1182.0,414.0,1182.0,415.0
1181.0,412.0,1182.0,414.0
1180.0,411.0,1181.0,412.0
1179.0,408.0,1180.0,411.0
1177.0,405.0,1179.0,408.0
1176.0,402.0,1177.0,405.0
1175.0,399.0,1176.0,402.0
1173.0,396.0,1175.0,399.0
1173.0,393.0,1173.0,396.0
1172.0,390.0,1173.0,393.0
1171.0,388.0,1172.0,390.0
1170.0,386.0,1171.0,388.0
1170.0,383.0,1170.0,386.0
1170.0,381.0,1170.0,383.0
1168.0,378.0,1170.0,381.0
1167.0,377.0,1168.0,378.0
1167.0,375.0,1167.0,377.0
1167.0,373.0,1167.0,375.0
1167.0,372.0,1167.0,373.0
1166.0,369.0,1167.0,372.0
1166.0,366.0,1166.0,369.0
1165.0,363.0,1166.0,366.0
1164.0,360.0,1165.0,363.0
1164.0,357.0,1164.0,360.0
1163.0,354.0,1164.0,357.0
1163.0,351.0,1163.0,354.0
1162.0,348.0,1163.0,351.0
1161.0,342.0,1162.0,348.0
1161.0,339.0,1161.0,342.0
1161.0,335.0,1161.0,339.0
1160.0,331.0,1161.0,335.0
1160.0,328.0,1160.0,331.0
1159.0,326.0,1160.0,328.0
1159.0,324.0,1159.0,326.0
1158.0,322.0,1159.0,324.0
1158.0,321.0,1158.0,322.0
1158.0,321.0,1158.0,321.0
1158.0,320.0,1158.0,321.0
1158.0,320.0,1158.0,320.0
1158.0,319.0,1158.0,320.0
1158.0,319.0,1158.0,319.0
1158.0,319.0,1158.0,319.0
1158.0,318.0,1158.0,319.0
1158.0,318.0,1158.0,318.0
1158.0,316.0,1158.0,318.0
1158.0,315.0,1158.0,316.0
1158.0,313.0,1158.0,315.0
1158.0,311.0,1158.0,313.0
1158.0,309.0,1158.0,311.0
1158.0,304.0,1158.0,309.0
1158.0,300.0,1158.0,304.0
1158.0,296.0,1158.0,300.0
1158.0,291.0,1158.0,296.0
1158.0,288.0,1158.0,291.0
1158.0,284.0,1158.0,288.0
1159.0,280.0,1158.0,284.0
1159.0,277.0,1159.0,280.0
1159.0,274.0,1159.0,277.0
1159.0,271.0,1159.0,274.0
1159.0,270.0,1159.0,271.0
1159.0,268.0,1159.0,270.0
1159.0,267.0,1159.0,268.0
1160.0,265.0,1159.0,267.0
1160.0,263.0,1160.0,265.0
1160.0,261.0,1160.0,263.0
1160.0,260.0,1160.0,261.0
1160.0,258.0,1160.0,260.0
1160.0,257.0,1160.0,258.0
1160.0,255.0,1160.0,257.0
1160.0,254.0,1160.0,255.0
1160.0,252.0,1160.0,254.0
1160.0,251.0,1160.0,252.0
1160.0,249.0,1160.0,251.0
1160.0,246.0,1160.0,249.0
1160.0,245.0,1160.0,246.0
1160.0,243.0,1160.0,245.0
1160.0,241.0,1160.0,243.0
1160.0,239.0,1160.0,241.0
1160.0,236.0,1160.0,239.0
1159.0,233.0,1160.0,236.0
1159.0,230.0,1159.0,233.0
1159.0,226.0,1159.0,230.0
1158.0,222.0,1159.0,226.0
1158.0,219.0,1158.0,222.0
1158.0,215.0,1158.0,219.0
1157.0,211.0,1158.0,215.0
1157.0,207.0,1157.0,211.0
1156.0,201.0,1157.0,207.0
1156.0,197.0,1156.0,201.0
1155.0,192.0,1156.0,197.0
1155.0,188.0,1155.0,192.0
1155.0,183.0,1155.0,188.0
1155.0,180.0,1155.0,183.0
1155.0,176.0,1155.0,180.0
1154.0,173.0,1155.0,176.0
1154.0,171.0,1154.0,173.0
1154.0,168.0,1154.0,171.0
1153.0,165.0,1154.0,168.0
1153.0,164.0,1153.0,165.0
1153.0,162.0,1153.0,164.0
1153.0,162.0,1153.0,162.0
1153.0,160.0,1153.0,162.0
1153.0,159.0,1153.0,160.0
1152.0,156.0,1153.0,159.0
1152.0,153.0,1152.0,156.0
1151.0,150.0,1152.0,153.0
1151.0,146.0,1151.0,150.0
1149.0,141.0,1151.0,146.0
1148.0,137.0,1149.0,141.0
1147.0,132.0,1148.0,137.0
1146.0,126.0,1147.0,132.0
1144.0,117.0,1146.0,126.0
1143.0,110.0,1144.0,117.0
1141.0,104.0,1143.0,110.0
1140.0,99.0,1141.0,104.0
1138.0,95.0,1140.0,99.0
1137.0,91.0,1138.0,95.0
1136.0,88.0,1137.0,91.0
1135.0,87.0,1136.0,88.0
1134.0,85.0,1135.0,87.0
1134.0,84.0,1134.0,85.0
1133.0,83.0,1134.0,84.0
1132.0,80.0,1133.0,83.0
1131.0,78.0,1132.0,80.0
1129.0,76.0,1131.0,78.0
1128.0,73.0,1129.0,76.0
1126.0,70.0,1128.0,73.0
1125.0,67.0,1126.0,70.0
1122.0,64.0,1125.0,67.0
1120.0,62.0,1122.0,64.0
1118.0,60.0,1120.0,62.0
1116.0,58.0,1118.0,60.0
1116.0,57.0,1116.0,58.0
1114.0,56.0,1116.0,57.0
1113.0,55.0,1114.0,56.0
1111.0,54.0,1113.0,55.0
1108.0,53.0,1111.0,54.0
1104.0,52.0,1108.0,53.0
1098.0,51.0,1104.0,52.0
1092.0,50.0,1098.0,51.0
1088.0,49.0,1092.0,50.0
1084.0,49.0,1088.0,49.0
1083.0,48.0,1084.0,49.0
1081.0,48.0,1083.0,48.0
1080.0,48.0,1081.0,48.0
1077.0,48.0,1080.0,48.0
1074.0,48.0,1077.0,48.0
1065.0,48.0,1074.0,48.0
1059.0,48.0,1065.0,48.0
1053.0,47.0,1059.0,48.0
1047.0,46.0,1053.0,47.0
1041.0,46.0,1047.0,46.0
1038.0,45.0,1041.0,46.0
1035.0,45.0,1038.0,45.0
1032.0,45.0,1035.0,45.0
1031.0,45.0,1032.0,45.0
1029.0,45.0,1031.0,45.0
1026.0,45.0,1029.0,45.0
1023.0,45.0,1026.0,45.0
1019.0,44.0,1023.0,45.0
1015.0,44.0,1019.0,44.0
1011.0,44.0,1015.0,44.0
1007.0,44.0,1011.0,44.0
1003.0,44.0,1007.0,44.0
1000.0,44.0,1003.0,44.0
997.0,44.0,1000.0,44.0
994.0,44.0,997.0,44.0
990.0,44.0,994.0,44.0
985.0,44.0,990.0,44.0
980.0,44.0,985.0,44.0
973.0,44.0,980.0,44.0
968.0,44.0,973.0,44.0
963.0,44.0,968.0,44.0
958.0,44.0,963.0,44.0
954.0,44.0,958.0,44.0
951.0,44.0,954.0,44.0
948.0,44.0,951.0,44.0
945.0,44.0,948.0,44.0
942.0,44.0,945.0,44.0
939.0,44.0,942.0,44.0
936.0,44.0,939.0,44.0
935.0,44.0,936.0,44.0
934.0,44.0,935.0,44.0
933.0,44.0,934.0,44.0
933.0,44.0,933.0,44.0
932.0,44.0,933.0,44.0
931.0,44.0,932.0,44.0
930.0,44.0,931.0,44.0
928.0,44.0,930.0,44.0
926.0,44.0,928.0,44.0
924.0,45.0,926.0,44.0
923.0,45.0,924.0,45.0
921.0,45.0,923.0,45.0
921.0,45.0,921.0,45.0
920.0,45.0,921.0,45.0
918.0,46.0,920.0,45.0
918.0,46.0,918.0,46.0
916.0,47.0,918.0,46.0
916.0,47.0,916.0,47.0
916.0,47.0,916.0,47.0
916.0,47.0,916.0,47.0
916.0,47.0,916.0,47.0
916.0,47.0,916.0,47.0
915.0,47.0,916.0,47.0
914.0,47.0,915.0,47.0
912.0,48.0,914.0,47.0
910.0,48.0,912.0,48.0
908.0,49.0,910.0,48.0
907.0,49.0,908.0,49.0
907.0,49.0,907.0,49.0
906.0,50.0,907.0,49.0
905.0,50.0,906.0,50.0
903.0,51.0,905.0,50.0
900.0,51.0,903.0,51.0
898.0,51.0,900.0,51.0
897.0,52.0,898.0,51.0
894.0,52.0,897.0,52.0
892.0,53.0,894.0,52.0
889.0,54.0,892.0,53.0
888.0,54.0,889.0,54.0
885.0,54.0,888.0,54.0
884.0,54.0,885.0,54.0
882.0,54.0,884.0,54.0
880.0,55.0,882.0,54.0
877.0,55.0,880.0,55.0
874.0,56.0,877.0,55.0
871.0,56.0,874.0,56.0
868.0,56.0,871.0,56.0
866.0,57.0,868.0,56.0
864.0,57.0,866.0,57.0
861.0,57.0,864.0,57.0
858.0,57.0,861.0,57.0
855.0,57.0,858.0,57.0
852.0,57.0,855.0,57.0
849.0,58.0,852.0,57.0
846.0,59.0,849.0,58.0
843.0,59.0,846.0,59.0
839.0,60.0,843.0,59.0
836.0,60.0,839.0,60.0
833.0,60.0,836.0,60.0
829.0,60.0,833.0,60.0
824.0,60.0,829.0,60.0
821.0,61.0,824.0,60.0
817.0,61.0,821.0,61.0
814.0,61.0,817.0,61.0
813.0,61.0,814.0,61.0
811.0,62.0,813.0,61.0
809.0,62.0,811.0,62.0
806.0,62.0,809.0,62.0
803.0,63.0,806.0,62.0
798.0,63.0,803.0,63.0
794.0,63.0,798.0,63.0
789.0,63.0,794.0,63.0
784.0,64.0,789.0,63.0
777.0,64.0,784.0,64.0
774.0,64.0,777.0,64.0
771.0,64.0,774.0,64.0
768.0,64.0,771.0,64.0
765.0,64.0,768.0,64.0
762.0,65.0,765.0,64.0
759.0,65.0,762.0,65.0
755.0,65.0,759.0,65.0
750.0,65.0,755.0,65.0
746.0,65.0,750.0,65.0
740.0,65.0,746.0,65.0
734.0,66.0,740.0,65.0
729.0,66.0,734.0,66.0
720.0,66.0,729.0,66.0
715.0,66.0,720.0,66.0
711.0,66.0,715.0,66.0
708.0,66.0,711.0,66.0
705.0,66.0,708.0,66.0
702.0,66.0,705.0,66.0
699.0,66.0,702.0,66.0
696.0,66.0,699.0,66.0
693.0,66.0,696.0,66.0
690.0,67.0,693.0,66.0
686.0,67.0,690.0,67.0
682.0,68.0,686.0,67.0
677.0,68.0,682.0,68.0
674.0,69.0,677.0,68.0
672.0,69.0,674.0,69.0
670.0,69.0,672.0,69.0
669.0,70.0,670.0,69.0
666.0,71.0,669.0,70.0
663.0,72.0,666.0,71.0
660.0,72.0,663.0,72.0
657.0,74.0,660.0,72.0
654.0,75.0,657.0,74.0
649.0,76.0,654.0,75.0
646.0,78.0,649.0,76.0
642.0,79.0,646.0,78.0
637.0,81.0,642.0,79.0
632.0,82.0,637.0,81.0
627.0,84.0,632.0,82.0
620.0,85.0,627.0,84.0
614.0,87.0,620.0,85.0
607.0,88.0,614.0,87.0
600.0,90.0,607.0,88.0
594.0,91.0,600.0,90.0
588.0,93.0,594.0,91.0
585.0,93.0,588.0,93.0
582.0,94.0,585.0,93.0
579.0,95.0,582.0,94.0
576.0,95.0,579.0,95.0
574.0,96.0,576.0,95.0
571.0,96.0,574.0,96.0
568.0,96.0,571.0,96.0
565.0,97.0,568.0,96.0
563.0,99.0,565.0,97.0
560.0,99.0,563.0,99.0
557.0,100.0,560.0,99.0
552.0,102.0,557.0,100.0
548.0,102.0,552.0,102.0
541.0,103.0,548.0,102.0
536.0,105.0,541.0,103.0
531.0,106.0,536.0,105.0
526.0,108.0,531.0,106.0
522.0,108.0,526.0,108.0
517.0,110.0,522.0,108.0
514.0,111.0,517.0,110.0
511.0,111.0,514.0,111.0
508.0,112.0,511.0,111.0
505.0,114.0,508.0,112.0
501.0,115.0,505.0,114.0
497.0,117.0,501.0,115.0
490.0,119.0,497.0,117.0
485.0,120.0,490.0,119.0
480.0,122.0,485.0,120.0
474.0,123.0,480.0,122.0
468.0,124.0,474.0,123.0
462.0,126.0,468.0,124.0
455.0,127.0,462.0,126.0
448.0,129.0,455.0,127.0
442.0,130.0,448.0,129.0
436.0,132.0,442.0,130.0
430.0,132.0,436.0,132.0
424.0,134.0,430.0,132.0
416.0,135.0,424.0,134.0
411.0,135.0,416.0,135.0
408.0,136.0,411.0,135.0
404.0,137.0,408.0,136.0
399.0,138.0,404.0,137.0
394.0,139.0,399.0,138.0
388.0,141.0,394.0,139.0
381.0,142.0,388.0,141.0
375.0,144.0,381.0,142.0
367.0,144.0,375.0,144.0
361.0,145.0,367.0,144.0
352.0,145.0,361.0,145.0
346.0,145.0,352.0,145.0
339.0,145.0,346.0,145.0
336.0,145.0,339.0,145.0
333.0,145.0,336.0,145.0
329.0,145.0,333.0,145.0
325.0,145.0,329.0,145.0
321.0,145.0,325.0,145.0
317.0,145.0,321.0,145.0
311.0,144.0,317.0,145.0
304.0,144.0,311.0,144.0
295.0,144.0,304.0,144.0
281.0,142.0,295.0,144.0
270.0,140.0,281.0,142.0
258.0,138.0,270.0,140.0
247.0,135.0,258.0,138.0
238.0,132.0,247.0,135.0
231.0,128.0,238.0,132.0
225.0,125.0,231.0,128.0
221.0,122.0,225.0,125.0
218.0,119.0,221.0,122.0
215.0,116.0,218.0,119.0
213.0,113.0,215.0,116.0
210.0,110.0,213.0,113.0
205.0,105.0,210.0,110.0
202.0,102.0,205.0,105.0
199.0,97.0,202.0,102.0
195.0,93.0,199.0,97.0
192.0,87.0,195.0,93.0
188.0,81.0,192.0,87.0
183.0,75.0,188.0,81.0
179.0,69.0,183.0,75.0
174.0,62.0,179.0,69.0
170.0,55.0,174.0,62.0
165.0,49.0,170.0,55.0
162.0,43.0,165.0,49.0
159.0,38.0,162.0,43.0
157.0,30.0,159.0,38.0
156.0,25.0,157.0,30.0
154.0,21.0,156.0,25.0
153.0,16.0,154.0,21.0
151.0,12.0,153.0,16.0
151.0,9.0,151.0,12.0
150.0,8.0,151.0,9.0
150.0,7.0,150.0,8.0
150.0,7.0,150.0,7.0
150.0,7.0,150.0,7.0
150.0,7.0,150.0,7.0
150.0,7.0,150.0,7.0
150.0,7.0,150.0,7.0
150.0,7.0,150.0,7.0
150.0,7.0,150.0,7.0
150.0,7.0,150.0,7.0
150.0,7.0,150.0,7.0
150.0,7.0,150.0,7.0
150.0,7.0,150.0,7.0
150.0,7.0,150.0,7.0
150.0,7.0,150.0,7.0
150.0,7.0,150.0,7.0
150.0,6.0,150.0,7.0
150.0,6.0,150.0,6.0
150.0,4.0,150.0,6.0
150.0,2.0,150.0,4.0
150.0,0.0,150.0,2.0
150.0,0.0,150.0,0.0
150.0,-2.0,150.0,0.0
151.0,-3.0,150.0,-2.0
151.0,-4.0,151.0,-3.0
151.0,-5.0,151.0,-4.0
151.0,-6.0,151.0,-5.0
151.0,-6.0,151.0,-6.0
151.0,-6.0,151.0,-6.0
151.0,-6.0,151.0,-6.0
151.0,-6.0,151.0,-6.0
151.0,-6.0,151.0,-6.0
151.0,-6.0,151.0,-6.0
151.0,-6.0,151.0,-6.0
151.0,-6.0,151.0,-6.0
151.0,-6.0,151.0,-6.0
151.0,-6.0,151.0,-6.0
1.0,0.0,1.0,0.0
1.0,0.0,1.0,0.0
1.0,0.0,1.0,0.0
1.0,2.0,1.0,0.0
1.0,3.0,1.0,2.0
1.0,3.0,1.0,3.0
1.0,3.0,1.0,3.0
1.0,4.0,1.0,3.0
1.0,6.0,1.0,4.0
1.0,8.0,1.0,6.0
1.0,9.0,1.0,8.0
1.0,11.0,1.0,9.0
1.0,13.0,1.0,11.0
1.0,15.0,1.0,13.0
1.0,16.0,1.0,15.0
1.0,18.0,1.0,16.0
1.0,19.0,1.0,18.0
1.0,21.0,1.0,19.0
1.0,22.0,1.0,21.0
1.0,25.0,1.0,22.0
1.0,27.0,1.0,25.0
1.0,30.0,1.0,27.0
1.0,32.0,1.0,30.0
1.0,35.0,1.0,32.0
1.0,38.0,1.0,35.0
1.0,41.0,1.0,38.0
2.0,45.0,1.0,41.0
3.0,48.0,2.0,45.0
3.0,51.0,3.0,48.0
3.0,54.0,3.0,51.0
4.0,60.0,3.0,54.0
5.0,63.0,4.0,60.0
6.0,66.0,5.0,63.0
6.0,68.0,6.0,66.0
6.0,70.0,6.0,68.0
6.0,72.0,6.0,70.0
7.0,74.0,6.0,72.0
8.0,75.0,7.0,74.0
9.0,76.0,8.0,75.0
9.0,78.0,9.0,76.0
9.0,78.0,9.0,78.0
9.0,80.0,9.0,78.0
11.0,82.0,9.0,80.0
12.0,84.0,11.0,82.0
13.0,87.0,12.0,84.0
14.0,90.0,13.0,87.0
15.0,93.0,14.0,90.0
17.0,96.0,15.0,93.0
18.0,99.0,17.0,96.0
20.0,102.0,18.0,99.0
21.0,106.0,20.0,102.0
23.0,109.0,21.0,106.0
25.0,112.0,23.0,109.0
27.0,115.0,25.0,112.0
28.0,118.0,27.0,115.0
30.0,122.0,28.0,118.0
32.0,123.0,30.0,122.0
33.0,125.0,32.0,123.0
33.0,127.0,33.0,125.0
34.0,129.0,33.0,127.0
36.0,131.0,34.0,129.0
36.0,132.0,36.0,131.0
38.0,135.0,36.0,132.0
39.0,136.0,38.0,135.0
40.0,138.0,39.0,136.0
41.0,141.0,40.0,138.0
42.0,144.0,41.0,141.0
44.0,147.0,42.0,144.0
46.0,150.0,44.0,147.0
47.0,153.0,46.0,150.0
48.0,154.0,47.0,153.0
49.0,156.0,48.0,154.0
50.0,157.0,49.0,156.0
51.0,159.0,50.0,157.0
51.0,160.0,51.0,159.0
52.0,162.0,51.0,160.0
54.0,163.0,52.0,162.0
56.0,165.0,54.0,163.0
57.0,168.0,56.0,165.0
60.0,170.0,57.0,168.0
62.0,172.0,60.0,170.0
64.0,174.0,62.0,172.0
67.0,177.0,64.0,174.0
69.0,179.0,67.0,177.0
72.0,180.0,69.0,179.0
73.0,183.0,72.0,180.0
76.0,185.0,73.0,183.0
79.0,186.0,76.0,185.0
81.0,189.0,79.0,186.0
84.0,191.0,81.0,189.0
86.0,193.0,84.0,191.0
88.0,195.0,86.0,193.0
90.0,197.0,88.0,195.0
94.0,199.0,90.0,197.0
96.0,201.0,94.0,199.0
97.0,202.0,96.0,201.0
99.0,204.0,97.0,202.0
102.0,205.0,99.0,204.0
104.0,207.0,102.0,205.0
107.0,209.0,104.0,207.0
109.0,210.0,107.0,209.0
111.0,212.0,109.0,210.0
114.0,213.0,111.0,212.0
115.0,215.0,114.0,213.0
118.0,216.0,115.0,215.0
120.0,218.0,118.0,216.0
123.0,219.0,120.0,218.0
126.0,221.0,123.0,219.0
129.0,222.0,126.0,221.0
132.0,224.0,129.0,222.0
135.0,225.0,132.0,224.0
139.0,228.0,135.0,225.0
144.0,231.0,139.0,228.0
149.0,232.0,144.0,231.0
154.0,234.0,149.0,232.0
165.0,237.0,154.0,234.0
172.0,240.0,165.0,237.0
180.0,242.0,172.0,240.0
186.0,244.0,180.0,242.0
192.0,246.0,186.0,244.0
197.0,248.0,192.0,246.0
203.0,249.0,197.0,248.0
207.0,250.0,203.0,249.0
211.0,251.0,207.0,250.0
213.0,251.0,211.0,251.0
215.0,252.0,213.0,251.0
218.0,252.0,215.0,252.0
221.0,253.0,218.0,252.0
225.0,254.0,221.0,253.0
228.0,255.0,225.0,254.0
230.0,255.0,228.0,255.0
231.0,255.0,230.0,255.0
231.0,255.0,231.0,255.0
233.0,255.0,231.0,255.0
234.0,256.0,233.0,255.0
236.0,257.0,234.0,256.0
237.0,258.0,236.0,257.0
240.0,258.0,237.0,258.0
240.0,258.0,240.0,258.0
242.0,259.0,240.0,258.0
243.0,260.0,242.0,259.0
245.0,260.0,243.0,260.0
245.0,260.0,245.0,260.0
245.0,261.0,245.0,260.0
246.0,261.0,245.0,261.0
246.0,261.0,246.0,261.0
247.0,261.0,246.0,261.0
247.0,261.0,247.0,261.0
248.0,261.0,247.0,261.0
249.0,261.0,248.0,261.0
251.0,262.0,249.0,261.0
253.0,262.0,251.0,262.0
255.0,263.0,253.0,262.0
255.0,263.0,255.0,263.0
255.0,263.0,255.0,263.0
255.0,263.0,255.0,263.0
255.0,263.0,255.0,263.0
257.0,263.0,255.0,263.0
258.0,263.0,257.0,263.0
259.0,263.0,258.0,263.0
260.0,263.0,259.0,263.0
260.0,263.0,260.0,263.0
260.0,263.0,260.0,263.0
260.0,263.0,260.0,263.0
260.0,263.0,260.0,263.0
260.0,263.0,260.0,263.0
260.0,263.0,260.0,263.0
957.0,501.0,957.0,501.0
957.0,501.0,957.0,501.0
957.0,501.0,957.0,501.0
957.0,501.0,957.0,501.0
957.0,501.0,957.0,501.0
957.0,501.0,957.0,501.0
957.0,501.0,957.0,501.0
957.0,501.0,957.0,501.0
957.0,501.0,957.0,501.0
957.0,501.0,957.0,501.0
957.0,501.0,957.0,501.0
957.0,501.0,957.0,501.0
957.0,501.0,957.0,501.0
959.0,501.0,957.0,501.0
961.0,501.0,959.0,501.0
966.0,502.0,961.0,501.0
970.0,503.0,966.0,502.0
975.0,504.0,970.0,503.0
978.0,504.0,975.0,504.0
978.0,504.0,978.0,504.0
978.0,504.0,978.0,504.0
978.0,504.0,978.0,504.0
978.0,504.0,978.0,504.0
978.0,504.0,978.0,504.0
978.0,504.0,978.0,504.0
978.0,504.0,978.0,504.0
978.0,504.0,978.0,504.0
980.0,506.0,978.0,504.0
981.0,507.0,980.0,506.0
983.0,510.0,981.0,507.0
985.0,512.0,983.0,510.0
987.0,514.0,985.0,512.0
989.0,516.0,987.0,514.0
990.0,517.0,989.0,516.0
990.0,518.0,990.0,517.0
990.0,519.0,990.0,518.0
991.0,519.0,990.0,519.0
992.0,520.0,991.0,519.0
992.0,521.0,992.0,520.0
993.0,522.0,992.0,521.0
993.0,522.0,993.0,522.0
993.0,523.0,993.0,522.0
993.0,524.0,993.0,523.0
993.0,525.0,993.0,524.0
993.0,526.0,993.0,525.0
993.0,528.0,993.0,526.0
994.0,529.0,993.0,528.0
994.0,531.0,994.0,529.0
995.0,533.0,994.0,531.0
995.0,534.0,995.0,533.0
995.0,535.0,995.0,534.0
995.0,535.0,995.0,535.0
995.0,536.0,995.0,535.0
995.0,537.0,995.0,536.0
995.0,537.0,995.0,537.0
995.0,538.0,995.0,537.0
996.0,539.0,995.0,538.0
996.0,540.0,996.0,539.0
996.0,541.0,996.0,540.0
996.0,542.0,996.0,541.0
996.0,543.0,996.0,542.0
996.0,545.0,996.0,543.0
997.0,546.0,996.0,545.0
997.0,547.0,997.0,546.0
997.0,549.0,997.0,547.0
997.0,551.0,997.0,549.0
997.0,552.0,997.0,551.0
997.0,554.0,997.0,552.0
997.0,555.0,997.0,554.0
997.0,555.0,997.0,555.0
997.0,556.0,997.0,555.0
997.0,557.0,997.0,556.0
997.0,557.0,997.0,557.0
997.0,557.0,997.0,557.0
997.0,557.0,997.0,557.0
997.0,557.0,997.0,557.0
997.0,557.0,997.0,557.0
997.0,557.0,997.0,557.0
997.0,558.0,997.0,557.0
997.0,559.0,997.0,558.0
997.0,561.0,997.0,559.0
997.0,562.0,997.0,561.0
996.0,564.0,997.0,562.0
996.0,565.0,996.0,564.0
996.0,567.0,996.0,565.0
995.0,568.0,996.0,567.0
994.0,570.0,995.0,568.0
993.0,571.0,994.0,570.0
993.0,572.0,993.0,571.0
993.0,573.0,993.0,572.0
992.0,574.0,993.0,573.0
991.0,576.0,992.0,574.0
990.0,576.0,991.0,576.0
990.0,577.0,990.0,576.0
990.0,578.0,990.0,577.0
990.0,579.0,990.0,578.0
989.0,579.0,990.0,579.0
988.0,580.0,989.0,579.0
988.0,582.0,988.0,580.0
987.0,582.0,988.0,582.0
987.0,583.0,987.0,582.0
987.0,584.0,987.0,583.0
987.0,585.0,987.0,584.0
985.0,586.0,987.0,585.0
985.0,586.0,985.0,586.0
985.0,588.0,985.0,586.0
984.0,589.0,985.0,588.0
983.0,591.0,984.0,589.0
981.0,593.0,983.0,591.0
981.0,594.0,981.0,593.0
980.0,596.0,981.0,594.0
978.0,597.0,980.0,596.0
978.0,599.0,978.0,597.0
977.0,600.0,978.0,599.0
975.0,602.0,977.0,600.0
975.0,603.0,975.0,602.0
974.0,604.0,975.0,603.0
973.0,606.0,974.0,604.0
972.0,607.0,973.0,606.0
971.0,608.0,972.0,607.0
970.0,609.0,971.0,608.0
969.0,610.0,970.0,609.0
969.0,611.0,969.0,610.0
968.0,612.0,969.0,611.0
967.0,612.0,968.0,612.0
966.0,612.0,967.0,612.0
966.0,613.0,966.0,612.0
966.0,614.0,966.0,613.0
965.0,615.0,966.0,614.0
963.0,615.0,965.0,615.0
963.0,616.0,963.0,615.0
961.0,618.0,963.0,616.0
959.0,620.0,961.0,618.0
957.0,621.0,959.0,620.0
956.0,622.0,957.0,621.0
954.0,624.0,956.0,622.0
950.0,626.0,954.0,624.0
948.0,627.0,950.0,626.0
945.0,628.0,948.0,627.0
943.0,630.0,945.0,628.0
942.0,631.0,943.0,630.0
940.0,632.0,942.0,631.0
940.0,633.0,940.0,632.0
940.0,633.0,940.0,633.0
940.0,633.0,940.0,633.0
940.0,633.0,940.0,633.0
940.0,633.0,940.0,633.0
940.0,633.0,940.0,633.0
940.0,633.0,940.0,633.0
940.0,633.0,940.0,633.0
940.0,633.0,940.0,633.0
940.0,633.0,940.0,633.0
940.0,633.0,940.0,633.0
939.0,633.0,940.0,633.0
939.0,633.0,939.0,633.0
938.0,634.0,939.0,633.0
938.0,634.0,938.0,634.0
938.0,634.0,938.0,634.0
938.0,634.0,938.0,634.0
938.0,634.0,938.0,634.0
938.0,634.0,938.0,634.0
938.0,634.0,938.0,634.0
938.0,634.0,938.0,634.0
938.0,634.0,938.0,634.0
938.0,634.0,938.0,634.0
938.0,634.0,938.0,634.0
938.0,634.0,938.0,634.0
938.0,634.0,938.0,634.0
938.0,634.0,938.0,634.0
938.0,634.0,938.0,634.0
938.0,634.0,938.0,634.0
938.0,634.0,938.0,634.0
938.0,634.0,938.0,634.0
938.0,634.0,938.0,634.0
938.0,634.0,938.0,634.0
938.0,634.0,938.0,634.0
938.0,634.0,938.0,634.0
938.0,634.0,938.0,634.0
938.0,634.0,938.0,634.0
938.0,634.0,938.0,634.0
938.0,634.0,938.0,634.0
938.0,634.0,938.0,634.0
938.0,634.0,938.0,634.0
938.0,634.0,938.0,634.0
938.0,634.0,938.0,634.0
938.0,634.0,938.0,634.0
938.0,634.0,938.0,634.0
938.0,634.0,938.0,634.0
938.0,634.0,938.0,634.0
938.0,634.0,938.0,634.0
938.0,634.0,938.0,634.0
938.0,634.0,938.0,634.0
942.0,635.0,938.0,634.0
946.0,636.0,942.0,635.0
951.0,636.0,946.0,636.0
953.0,636.0,951.0,636.0
954.0,636.0,953.0,636.0
955.0,636.0,954.0,636.0
956.0,636.0,955.0,636.0
957.0,636.0,956.0,636.0
957.0,636.0,957.0,636.0
958.0,636.0,957.0,636.0
960.0,636.0,958.0,636.0
962.0,636.0,960.0,636.0
965.0,636.0,962.0,636.0
967.0,636.0,965.0,636.0
969.0,636.0,967.0,636.0
971.0,636.0,969.0,636.0
972.0,636.0,971.0,636.0
973.0,636.0,972.0,636.0
975.0,636.0,973.0,636.0
975.0,636.0,975.0,636.0
976.0,636.0,975.0,636.0
977.0,636.0,976.0,636.0
978.0,636.0,977.0,636.0
981.0,636.0,978.0,636.0
982.0,636.0,981.0,636.0
984.0,636.0,982.0,636.0
985.0,636.0,984.0,636.0
987.0,636.0,985.0,636.0
988.0,636.0,987.0,636.0
989.0,636.0,988.0,636.0
990.0,636.0,989.0,636.0
990.0,636.0,990.0,636.0
992.0,636.0,990.0,636.0
993.0,635.0,992.0,636.0
996.0,634.0,993.0,635.0
1000.0,633.0,996.0,634.0
1004.0,632.0,1000.0,633.0
1008.0,631.0,1004.0,632.0
1010.0,630.0,1008.0,631.0
1011.0,630.0,1010.0,630.0
1011.0,630.0,1011.0,630.0
1011.0,630.0,1011.0,630.0
1011.0,630.0,1011.0,630.0
1011.0,630.0,1011.0,630.0
1011.0,630.0,1011.0,630.0
1013.0,629.0,1011.0,630.0
1014.0,628.0,1013.0,629.0
1017.0,627.0,1014.0,628.0
1018.0,627.0,1017.0,627.0
1019.0,626.0,1018.0,627.0
1019.0,626.0,1019.0,626.0
1020.0,625.0,1019.0,626.0
1021.0,625.0,1020.0,625.0
1022.0,624.0,1021.0,625.0
1023.0,624.0,1022.0,624.0
1025.0,623.0,1023.0,624.0
1026.0,622.0,1025.0,623.0
1028.0,621.0,1026.0,622.0
1030.0,621.0,1028.0,621.0
1031.0,620.0,1030.0,621.0
1032.0,619.0,1031.0,620.0
1034.0,619.0,1032.0,619.0
1035.0,618.0,1034.0,619.0
1037.0,618.0,1035.0,618.0
1037.0,617.0,1037.0,618.0
1038.0,617.0,1037.0,617.0
1040.0,617.0,1038.0,617.0
1041.0,616.0,1040.0,617.0
1042.0,616.0,1041.0,616.0
1043.0,615.0,1042.0,616.0
1046.0,614.0,1043.0,615.0
1048.0,613.0,1046.0,614.0
1051.0,612.0,1048.0,613.0
1053.0,612.0,1051.0,612.0
1056.0,611.0,1053.0,612.0
1056.0,610.0,1056.0,611.0
1057.0,610.0,1056.0,610.0
1058.0,610.0,1057.0,610.0
1059.0,609.0,1058.0,610.0
1060.0,609.0,1059.0,609.0
1062.0,608.0,1060.0,609.0
1063.0,607.0,1062.0,608.0
1065.0,606.0,1063.0,607.0
1065.0,605.0,1065.0,606.0
1067.0,604.0,1065.0,605.0
1068.0,603.0,1067.0,604.0
1069.0,603.0,1068.0,603.0
1071.0,602.0,1069.0,603.0
1071.0,600.0,1071.0,602.0
1073.0,599.0,1071.0,600.0
1075.0,598.0,1073.0,599.0
1077.0,597.0,1075.0,598.0
1079.0,595.0,1077.0,597.0
1080.0,594.0,1079.0,595.0
1082.0,592.0,1080.0,594.0
1083.0,591.0,1082.0,592.0
1086.0,589.0,1083.0,591.0
1087.0,588.0,1086.0,589.0
1088.0,586.0,1087.0,588.0
1089.0,585.0,1088.0,586.0
1091.0,582.0,1089.0,585.0
1092.0,582.0,1091.0,582.0
1092.0,581.0,1092.0,582.0
1093.0,580.0,1092.0,581.0
1093.0,579.0,1093.0,580.0
1094.0,578.0,1093.0,579.0
1095.0,576.0,1094.0,578.0
1096.0,576.0,1095.0,576.0
1097.0,574.0,1096.0,576.0
1098.0,573.0,1097.0,574.0
1099.0,570.0,1098.0,573.0
1101.0,568.0,1099.0,570.0
1103.0,564.0,1101.0,568.0
1104.0,563.0,1103.0,564.0
1105.0,560.0,1104.0,563.0
1106.0,558.0,1105.0,560.0
1107.0,555.0,1106.0,558.0
1107.0,553.0,1107.0,555.0
1109.0,550.0,1107.0,553.0
1109.0,549.0,1109.0,550.0
1110.0,547.0,1109.0,549.0
1110.0,546.0,1110.0,547.0
1110.0,545.0,1110.0,546.0
1110.0,545.0,1110.0,545.0
1110.0,545.0,1110.0,545.0
1110.0,543.0,1110.0,545.0
1110.0,543.0,1110.0,543.0
1110.0,541.0,1110.0,543.0
1111.0,540.0,1110.0,541.0
1111.0,538.0,1111.0,540.0
1111.0,535.0,1111.0,538.0
1112.0,530.0,1111.0,535.0
1112.0,526.0,1112.0,530.0
1113.0,522.0,1112.0,526.0
1113.0,518.0,1113.0,522.0
1113.0,514.0,1113.0,518.0
1113.0,511.0,1113.0,514.0
1114.0,508.0,1113.0,511.0
1114.0,506.0,1114.0,508.0
1115.0,504.0,1114.0,506.0
1115.0,502.0,1115.0,504.0
1116.0,501.0,1115.0,502.0
1116.0,498.0,1116.0,501.0
1116.0,495.0,1116.0,498.0
1116.0,494.0,1116.0,495.0
1116.0,492.0,1116.0,494.0
1117.0,489.0,1116.0,492.0
1117.0,486.0,1117.0,489.0
1118.0,483.0,1117.0,486.0
1118.0,480.0,1118.0,483.0
1118.0,478.0,1118.0,480.0
1118.0,476.0,1118.0,478.0
1118.0,474.0,1118.0,476.0
1118.0,471.0,1118.0,474.0
1118.0,468.0,1118.0,471.0
1118.0,467.0,1118.0,468.0
1118.0,465.0,1118.0,467.0
1118.0,462.0,1118.0,465.0
1118.0,459.0,1118.0,462.0
1118.0,456.0,1118.0,459.0
1117.0,453.0,1118.0,456.0
1117.0,450.0,1117.0,453.0
1116.0,447.0,1117.0,450.0
1116.0,444.0,1116.0,447.0
1116.0,441.0,1116.0,444.0
1116.0,438.0,1116.0,441.0
1115.0,437.0,1116.0,438.0
1115.0,435.0,1115.0,437.0
1115.0,433.0,1115.0,435.0
1115.0,431.0,1115.0,433.0
1114.0,429.0,1115.0,431.0
1113.0,427.0,1114.0,429.0
1113.0,423.0,1113.0,427.0
1113.0,423.0,1113.0,423.0
1113.0,421.0,1113.0,423.0
1113.0,419.0,1113.0,421.0
1113.0,417.0,1113.0,419.0
1113.0,414.0,1113.0,417.0
1112.0,412.0,1113.0,414.0
1112.0,411.0,1112.0,412.0
1112.0,409.0,1112.0,411.0
1111.0,408.0,1112.0,409.0
1111.0,406.0,1111.0,408.0
1111.0,405.0,1111.0,406.0
1111.0,405.0,1111.0,405.0
1111.0,405.0,1111.0,405.0
1111.0,405.0,1111.0,405.0
1111.0,405.0,1111.0,405.0
1111.0,405.0,1111.0,405.0
1111.0,405.0,1111.0,405.0
1111.0,405.0,1111.0,405.0
1111.0,405.0,1111.0,405.0
1111.0,405.0,1111.0,405.0
1111.0,405.0,1111.0,405.0
1111.0,405.0,1111.0,405.0
1111.0,405.0,1111.0,405.0
1111.0,405.0,1111.0,405.0
1111.0,405.0,1111.0,405.0
1111.0,405.0,1111.0,405.0
1111.0,405.0,1111.0,405.0
1111.0,405.0,1111.0,405.0
1111.0,405.0,1111.0,405.0
1111.0,405.0,1111.0,405.0
1111.0,405.0,1111.0,405.0
1111.0,405.0,1111.0,405.0
1111.0,405.0,1111.0,405.0
1111.0,405.0,1111.0,405.0
1111.0,405.0,1111.0,405.0
1111.0,405.0,1111.0,405.0
1111.0,407.0,1111.0,405.0
1111.0,408.0,1111.0,407.0
1110.0,408.0,1111.0,408.0
1110.0,410.0,1110.0,408.0
1110.0,411.0,1110.0,410.0
1110.0,412.0,1110.0,411.0
1110.0,413.0,1110.0,412.0
1110.0,414.0,1110.0,413.0
1110.0,415.0,1110.0,414.0
1109.0,416.0,1110.0,415.0
1109.0,417.0,1109.0,416.0
1109.0,419.0,1109.0,417.0
1108.0,420.0,1109.0,419.0
1108.0,421.0,1108.0,420.0
1108.0,423.0,1108.0,421.0
1107.0,424.0,1108.0,423.0
1107.0,426.0,1107.0,424.0
1107.0,426.0,1107.0,426.0
1107.0,429.0,1107.0,426.0
1106.0,430.0,1107.0,429.0
1105.0,432.0,1106.0,430.0
1105.0,433.0,1105.0,432.0
1104.0,435.0,1105.0,433.0
1104.0,437.0,1104.0,435.0
1103.0,438.0,1104.0,437.0
1101.0,441.0,1103.0,438.0
1101.0,442.0,1101.0,441.0
1100.0,444.0,1101.0,442.0
1098.0,446.0,1100.0,444.0
1098.0,447.0,1098.0,446.0
1096.0,449.0,1098.0,447.0
1094.0,453.0,1096.0,449.0
1092.0,455.0,1094.0,453.0
1089.0,458.0,1092.0,455.0
1086.0,462.0,1089.0,458.0
1082.0,466.0,1086.0,462.0
1080.0,468.0,1082.0,466.0
1079.0,469.0,1080.0,468.0
1078.0,470.0,1079.0,469.0
1077.0,471.0,1078.0,470.0
1077.0,472.0,1077.0,471.0
1076.0,473.0,1077.0,472.0
1074.0,474.0,1076.0,473.0
1072.0,474.0,1074.0,474.0
1071.0,476.0,1072.0,474.0
1068.0,477.0,1071.0,476.0
1067.0,479.0,1068.0,477.0
1065.0,480.0,1067.0,479.0
1064.0,480.0,1065.0,480.0
1062.0,481.0,1064.0,480.0
1061.0,483.0,1062.0,481.0
1059.0,483.0,1061.0,483.0
1058.0,483.0,1059.0,483.0
1055.0,485.0,1058.0,483.0
1053.0,486.0,1055.0,485.0
1050.0,487.0,1053.0,486.0
1047.0,487.0,1050.0,487.0
1045.0,489.0,1047.0,487.0
1042.0,489.0,1045.0,489.0
1040.0,490.0,1042.0,489.0
1038.0,491.0,1040.0,490.0
1035.0,492.0,1038.0,491.0
1033.0,492.0,1035.0,492.0
1032.0,492.0,1033.0,492.0
1030.0,492.0,1032.0,492.0
1029.0,493.0,1030.0,492.0
1027.0,493.0,1029.0,493.0
1026.0,494.0,1027.0,493.0
1024.0,495.0,1026.0,494.0
1021.0,495.0,1024.0,495.0
1019.0,496.0,1021.0,495.0
1016.0,496.0,1019.0,496.0
1014.0,497.0,1016.0,496.0
1012.0,497.0,1014.0,497.0
1012.0,497.0,1012.0,497.0
1011.0,498.0,1012.0,497.0
1009.0,498.0,1011.0,498.0
1007.0,498.0,1009.0,498.0
1005.0,498.0,1007.0,498.0
1003.0,499.0,1005.0,498.0
1001.0,499.0,1003.0,499.0
999.0,499.0,1001.0,499.0
997.0,500.0,999.0,499.0
996.0,501.0,997.0,500.0
994.0,501.0,996.0,501.0
994.0,501.0,994.0,501.0
994.0,501.0,994.0,501.0
994.0,501.0,994.0,501.0
994.0,501.0,994.0,501.0
994.0,501.0,994.0,501.0
994.0,501.0,994.0,501.0
992.0,501.0,994.0,501.0
990.0,501.0,992.0,501.0
987.0,502.0,990.0,501.0
984.0,502.0,987.0,502.0
981.0,503.0,984.0,502.0
981.0,503.0,981.0,503.0
981.0,503.0,981.0,503.0
981.0,503.0,981.0,503.0
981.0,503.0,981.0,503.0
981.0,503.0,981.0,503.0
981.0,503.0,981.0,503.0
981.0,503.0,981.0,503.0
981.0,503.0,981.0,503.0
980.0,503.0,981.0,503.0
978.0,503.0,980.0,503.0
975.0,503.0,978.0,503.0
973.0,503.0,975.0,503.0
972.0,503.0,973.0,503.0
972.0,503.0,972.0,503.0
972.0,503.0,972.0,503.0
972.0,503.0,972.0,503.0
972.0,503.0,972.0,503.0
972.0,503.0,972.0,503.0
972.0,503.0,972.0,503.0
972.0,503.0,972.0,503.0
972.0,503.0,972.0,503.0
972.0,503.0,972.0,503.0
972.0,503.0,972.0,503.0
436.0,219.0,436.0,219.0
436.0,219.0,436.0,219.0
436.0,219.0,436.0,219.0
436.0,219.0,436.0,219.0
436.0,219.0,436.0,219.0
436.0,219.0,436.0,219.0
437.0,219.0,436.0,219.0
438.0,218.0,437.0,219.0
439.0,218.0,438.0,218.0
441.0,218.0,439.0,218.0
444.0,217.0,441.0,218.0
448.0,216.0,444.0,217.0
453.0,216.0,448.0,216.0
456.0,215.0,453.0,216.0
459.0,214.0,456.0,215.0
462.0,214.0,459.0,214.0
463.0,213.0,462.0,214.0
465.0,213.0,463.0,213.0
466.0,213.0,465.0,213.0
468.0,212.0,466.0,213.0
469.0,210.0,468.0,212.0
471.0,210.0,469.0,210.0
475.0,209.0,471.0,210.0
478.0,208.0,475.0,209.0
480.0,207.0,478.0,208.0
482.0,207.0,480.0,207.0
484.0,205.0,482.0,207.0
486.0,204.0,484.0,205.0
487.0,204.0,486.0,204.0
489.0,203.0,487.0,204.0
491.0,202.0,489.0,203.0
492.0,201.0,491.0,202.0
495.0,200.0,492.0,201.0
496.0,199.0,495.0,200.0
498.0,199.0,496.0,199.0
499.0,198.0,498.0,199.0
501.0,198.0,499.0,198.0
502.0,198.0,501.0,198.0
504.0,198.0,502.0,198.0
507.0,198.0,504.0,198.0
510.0,198.0,507.0,198.0
514.0,198.0,510.0,198.0
517.0,197.0,514.0,198.0
519.0,197.0,517.0,197.0
520.0,197.0,519.0,197.0
522.0,196.0,520.0,197.0
522.0,196.0,522.0,196.0
523.0,196.0,522.0,196.0
525.0,195.0,523.0,196.0
525.0,195.0,525.0,195.0
527.0,195.0,525.0,195.0
528.0,195.0,527.0,195.0
530.0,194.0,528.0,195.0
531.0,192.0,530.0,194.0
533.0,192.0,531.0,192.0
535.0,191.0,533.0,192.0
537.0,190.0,535.0,191.0
538.0,189.0,537.0,190.0
540.0,189.0,538.0,189.0
542.0,189.0,540.0,189.0
543.0,188.0,542.0,189.0
545.0,187.0,543.0,188.0
546.0,186.0,545.0,187.0
549.0,186.0,546.0,186.0
551.0,185.0,549.0,186.0
552.0,184.0,551.0,185.0
555.0,183.0,552.0,184.0
556.0,182.0,555.0,183.0
558.0,180.0,556.0,182.0
559.0,180.0,558.0,180.0
561.0,179.0,559.0,180.0
565.0,178.0,561.0,179.0
568.0,177.0,565.0,178.0
571.0,177.0,568.0,177.0
573.0,176.0,571.0,177.0
576.0,175.0,573.0,176.0
579.0,174.0,576.0,175.0
580.0,174.0,579.0,174.0
582.0,174.0,580.0,174.0
584.0,173.0,582.0,174.0
585.0,172.0,584.0,173.0
587.0,171.0,585.0,172.0
588.0,171.0,587.0,171.0
591.0,170.0,588.0,171.0
594.0,169.0,591.0,170.0
596.0,168.0,594.0,169.0
598.0,167.0,596.0,168.0
600.0,166.0,598.0,167.0
603.0,165.0,600.0,166.0
605.0,165.0,603.0,165.0
607.0,164.0,605.0,165.0
609.0,162.0,607.0,164.0
612.0,162.0,609.0,162.0
615.0,161.0,612.0,162.0
618.0,160.0,615.0,161.0
619.0,159.0,618.0,160.0
622.0,159.0,619.0,159.0
625.0,159.0,622.0,159.0
629.0,158.0,625.0,159.0
632.0,157.0,629.0,158.0
635.0,156.0,632.0,157.0
637.0,156.0,635.0,156.0
640.0,155.0,637.0,156.0
643.0,154.0,640.0,155.0
646.0,153.0,643.0,154.0
648.0,153.0,646.0,153.0
652.0,153.0,648.0,153.0
654.0,153.0,652.0,153.0
657.0,152.0,654.0,153.0
660.0,152.0,657.0,152.0
663.0,151.0,660.0,152.0
666.0,151.0,663.0,151.0
669.0,151.0,666.0,151.0
672.0,151.0,669.0,151.0
675.0,151.0,672.0,151.0
678.0,151.0,675.0,151.0
681.0,151.0,678.0,151.0
683.0,151.0,681.0,151.0
687.0,151.0,683.0,151.0
690.0,151.0,687.0,151.0
696.0,152.0,690.0,151.0
702.0,153.0,696.0,152.0
705.0,153.0,702.0,153.0
707.0,153.0,705.0,153.0
707.0,153.0,707.0,153.0
707.0,153.0,707.0,153.0
708.0,153.0,707.0,153.0
709.0,153.0,708.0,153.0
711.0,153.0,709.0,153.0
712.0,153.0,711.0,153.0
712.0,153.0,712.0,153.0
712.0,153.0,712.0,153.0
712.0,153.0,712.0,153.0
712.0,153.0,712.0,153.0
712.0,153.0,712.0,153.0
712.0,153.0,712.0,153.0
712.0,153.0,712.0,153.0
712.0,153.0,712.0,153.0
712.0,153.0,712.0,153.0
714.0,153.0,712.0,153.0
716.0,153.0,714.0,153.0
720.0,153.0,716.0,153.0
724.0,153.0,720.0,153.0
728.0,151.0,724.0,153.0
729.0,151.0,728.0,151.0
729.0,151.0,729.0,151.0
729.0,151.0,729.0,151.0
729.0,151.0,729.0,151.0
729.0,151.0,729.0,151.0
729.0,151.0,729.0,151.0
729.0,151.0,729.0,151.0
729.0,151.0,729.0,151.0
729.0,151.0,729.0,151.0
729.0,151.0,729.0,151.0
730.0,150.0,729.0,151.0
731.0,150.0,730.0,150.0
731.0,150.0,731.0,150.0
732.0,150.0,731.0,150.0
732.0,150.0,732.0,150.0
732.0,150.0,732.0,150.0
732.0,150.0,732.0,150.0
732.0,150.0,732.0,150.0
732.0,150.0,732.0,150.0
732.0,150.0,732.0,150.0
732.0,150.0,732.0,150.0
732.0,150.0,732.0,150.0
732.0,150.0,732.0,150.0
732.0,150.0,732.0,150.0
733.0,150.0,732.0,150.0
733.0,150.0,733.0,150.0
734.0,149.0,733.0,150.0
735.0,149.0,734.0,149.0
736.0,149.0,735.0,149.0
736.0,148.0,736.0,149.0
737.0,148.0,736.0,148.0
737.0,148.0,737.0,148.0
737.0,148.0,737.0,148.0
737.0,148.0,737.0,148.0
738.0,148.0,737.0,148.0
738.0,147.0,738.0,148.0
738.0,147.0,738.0,147.0
738.0,147.0,738.0,147.0
738.0,147.0,738.0,147.0
738.0,147.0,738.0,147.0
738.0,147.0,738.0,147.0
738.0,147.0,738.0,147.0
738.0,147.0,738.0,147.0
738.0,147.0,738.0,147.0
738.0,147.0,738.0,147.0
738.0,147.0,738.0,147.0
738.0,147.0,738.0,147.0
738.0,147.0,738.0,147.0
738.0,147.0,738.0,147.0
738.0,147.0,738.0,147.0
738.0,147.0,738.0,147.0
738.0,147.0,738.0,147.0
738.0,147.0,738.0,147.0
738.0,147.0,738.0,147.0
737.0,149.0,738.0,147.0
736.0,149.0,737.0,149.0
735.0,149.0,736.0,149.0
735.0,149.0,735.0,149.0
735.0,149.0,735.0,149.0
735.0,149.0,735.0,149.0
735.0,150.0,735.0,149.0
735.0,150.0,735.0,150.0
733.0,151.0,735.0,150.0
732.0,152.0,733.0,151.0
731.0,153.0,732.0,152.0
730.0,153.0,731.0,153.0
730.0,153.0,730.0,153.0
729.0,153.0,730.0,153.0
729.0,154.0,729.0,153.0
727.0,155.0,729.0,154.0
726.0,156.0,727.0,155.0
725.0,156.0,726.0,156.0
724.0,157.0,725.0,156.0
723.0,158.0,724.0,157.0
723.0,159.0,723.0,158.0
721.0,159.0,723.0,159.0
720.0,159.0,721.0,159.0
718.0,161.0,720.0,159.0
717.0,162.0,718.0,161.0
715.0,162.0,717.0,162.0
714.0,163.0,715.0,162.0
712.0,164.0,714.0,163.0
710.0,165.0,712.0,164.0
710.0,165.0,710.0,165.0
709.0,165.0,710.0,165.0
708.0,167.0,709.0,165.0
707.0,168.0,708.0,167.0
705.0,168.0,707.0,168.0
704.0,170.0,705.0,168.0
703.0,171.0,704.0,170.0
702.0,173.0,703.0,171.0
700.0,174.0,702.0,173.0
699.0,176.0,700.0,174.0
696.0,178.0,699.0,176.0
696.0,179.0,696.0,178.0
695.0,180.0,696.0,179.0
695.0,180.0,695.0,180.0
694.0,180.0,695.0,180.0
693.0,181.0,694.0,180.0
693.0,182.0,693.0,181.0
692.0,183.0,693.0,182.0
691.0,183.0,692.0,183.0
690.0,184.0,691.0,183.0
689.0,185.0,690.0,184.0
687.0,186.0,689.0,185.0
687.0,187.0,687.0,186.0
686.0,187.0,687.0,187.0
685.0,188.0,686.0,187.0
684.0,189.0,685.0,188.0
683.0,190.0,684.0,189.0
682.0,191.0,683.0,190.0
681.0,192.0,682.0,191.0
680.0,192.0,681.0,192.0
679.0,194.0,680.0,192.0
678.0,195.0,679.0,194.0
677.0,195.0,678.0,195.0
676.0,196.0,677.0,195.0
675.0,197.0,676.0,196.0
675.0,198.0,675.0,197.0
674.0,200.0,675.0,198.0
672.0,201.0,674.0,200.0
672.0,201.0,672.0,201.0
671.0,203.0,672.0,201.0
670.0,204.0,671.0,203.0
669.0,205.0,670.0,204.0
669.0,207.0,669.0,205.0
667.0,207.0,669.0,207.0
666.0,209.0,667.0,207.0
664.0,210.0,666.0,209.0
663.0,211.0,664.0,210.0
660.0,213.0,663.0,211.0
659.0,214.0,660.0,213.0
657.0,216.0,659.0,214.0
656.0,217.0,657.0,216.0
654.0,218.0,656.0,217.0
652.0,219.0,654.0,218.0
650.0,221.0,652.0,219.0
648.0,222.0,650.0,221.0
646.0,222.0,648.0,222.0
645.0,224.0,646.0,222.0
643.0,224.0,645.0,224.0
642.0,225.0,643.0,224.0
639.0,225.0,642.0,225.0
636.0,226.0,639.0,225.0
633.0,227.0,636.0,226.0
630.0,228.0,633.0,227.0
626.0,228.0,630.0,228.0
623.0,228.0,626.0,228.0
618.0,228.0,623.0,228.0
614.0,228.0,618.0,228.0
610.0,228.0,614.0,228.0
606.0,228.0,610.0,228.0
604.0,228.0,606.0,228.0
603.0,228.0,604.0,228.0
600.0,229.0,603.0,228.0
599.0,229.0,600.0,229.0
597.0,229.0,599.0,229.0
594.0,229.0,597.0,229.0
591.0,230.0,594.0,229.0
588.0,230.0,591.0,230.0
585.0,230.0,588.0,230.0
582.0,230.0,585.0,230.0
579.0,230.0,582.0,230.0
576.0,230.0,579.0,230.0
575.0,230.0,576.0,230.0
573.0,230.0,575.0,230.0
570.0,231.0,573.0,230.0
568.0,231.0,570.0,231.0
567.0,231.0,568.0,231.0
564.0,231.0,567.0,231.0
561.0,231.0,564.0,231.0
558.0,231.0,561.0,231.0
555.0,231.0,558.0,231.0
552.0,231.0,555.0,231.0
548.0,231.0,552.0,231.0
543.0,231.0,548.0,231.0
539.0,230.0,543.0,231.0
534.0,230.0,539.0,230.0
530.0,230.0,534.0,230.0
527.0,230.0,530.0,230.0
525.0,230.0,527.0,230.0
523.0,230.0,525.0,230.0
522.0,230.0,523.0,230.0
520.0,230.0,522.0,230.0
519.0,229.0,520.0,230.0
517.0,229.0,519.0,229.0
516.0,229.0,517.0,229.0
514.0,229.0,516.0,229.0
511.0,229.0,514.0,229.0
510.0,228.0,511.0,229.0
507.0,228.0,510.0,228.0
504.0,227.0,507.0,228.0
501.0,227.0,504.0,227.0
497.0,226.0,501.0,227.0
494.0,225.0,497.0,226.0
490.0,225.0,494.0,225.0
487.0,225.0,490.0,225.0
485.0,224.0,487.0,225.0
484.0,224.0,485.0,224.0
483.0,224.0,484.0,224.0
483.0,224.0,483.0,224.0
483.0,224.0,483.0,224.0
483.0,224.0,483.0,224.0
483.0,224.0,483.0,224.0
483.0,224.0,483.0,224.0
483.0,224.0,483.0,224.0
483.0,224.0,483.0,224.0
480.0,224.0,483.0,224.0
477.0,224.0,480.0,224.0
472.0,223.0,477.0,224.0
469.0,222.0,472.0,223.0
468.0,222.0,469.0,222.0
468.0,222.0,468.0,222.0
468.0,222.0,468.0,222.0
468.0,222.0,468.0,222.0
468.0,222.0,468.0,222.0
468.0,222.0,468.0,222.0
468.0,222.0,468.0,222.0
468.0,222.0,468.0,222.0
466.0,222.0,468.0,222.0
464.0,221.0,466.0,222.0
462.0,221.0,464.0,221.0
459.0,220.0,462.0,221.0
456.0,219.0,459.0,220.0
454.0,219.0,456.0,219.0
454.0,219.0,454.0,219.0
454.0,219.0,454.0,219.0
454.0,219.0,454.0,219.0
454.0,219.0,454.0,219.0
454.0,219.0,454.0,219.0
454.0,219.0,454.0,219.0
454.0,219.0,454.0,219.0
454.0,219.0,454.0,219.0
454.0,219.0,454.0,219.0
454.0,219.0,454.0,219.0
453.0,219.0,454.0,219.0
450.0,218.0,453.0,219.0
448.0,218.0,450.0,218.0
447.0,218.0,448.0,218.0
445.0,217.0,447.0,218.0
445.0,217.0,445.0,217.0
445.0,217.0,445.0,217.0
445.0,217.0,445.0,217.0
445.0,217.0,445.0,217.0
445.0,217.0,445.0,217.0
445.0,217.0,445.0,217.0
445.0,217.0,445.0,217.0
445.0,217.0,445.0,217.0
445.0,217.0,445.0,217.0
445.0,217.0,445.0,217.0
445.0,217.0,445.0,217.0
445.0,217.0,445.0,217.0
445.0,217.0,445.0,217.0
444.0,217.0,445.0,217.0
443.0,217.0,444.0,217.0
441.0,217.0,443.0,217.0
440.0,217.0,441.0,217.0
439.0,217.0,440.0,217.0
439.0,217.0,439.0,217.0
439.0,217.0,439.0,217.0
439.0,217.0,439.0,217.0
439.0,217.0,439.0,217.0
439.0,217.0,439.0,217.0
439.0,217.0,439.0,217.0
439.0,217.0,439.0,217.0
439.0,217.0,439.0,217.0
438.0,217.0,439.0,217.0
438.0,217.0,438.0,217.0
438.0,217.0,438.0,217.0
438.0,217.0,438.0,217.0
438.0,217.0,438.0,217.0
438.0,217.0,438.0,217.0
438.0,217.0,438.0,217.0
437.0,217.0,438.0,217.0
436.0,217.0,437.0,217.0
436.0,217.0,436.0,217.0
436.0,217.0,436.0,217.0
436.0,217.0,436.0,217.0
436.0,217.0,436.0,217.0
436.0,217.0,436.0,217.0
436.0,217.0,436.0,217.0
436.0,217.0,436.0,217.0
436.0,217.0,436.0,217.0
436.0,217.0,436.0,217.0
436.0,217.0,436.0,217.0
436.0,217.0,436.0,217.0
436.0,217.0,436.0,217.0
